0.913469134373
0.633034602004
0.767092117225
0.936541738517
0.236261698165
0.811777035504
0.254039863409
0.688232016147
0.104375916719
0.906608634851
0.010128867061
0.037443002916
0.667134223070
0.697260920544
0.110484159322
0.127406983703
0.299783549295
0.912942502013
0.104375916719
0.949290385029
0.818571138014
0.000000000000
0.656366264575
0.754253285798
0.633476888535
0.688413170323
0.631391994545
0.375436494799
0.890480350648
0.229080020687
0.641237435798
0.182626707928
0.810037685597
0.011381667037
0.259859541166
0.699924169167
0.922239136812
0.276859649147
0.585040725208
0.346208996560
0.720441446116
0.394198078752
0.052882299523
0.007447769077
0.904739308472
0.922602877701
0.630476371895
0.069501144330
0.646761062215
0.925716162000
0.913256273410
0.280746264246
0.945748222805
0.009573487701
0.913389489553
0.590020328768
0.329310743096
0.286394926991
0.913565829743
0.908025536582
0.007488167013
0.116141340471
0.383826745177
0.308633150313
0.009453010021
0.421080833730
0.630316285199
0.614567976391
0.894972376764
0.958171673145
0.007572372819
0.012111980059
0.640654985066
0.251054598049
0.935436952401
0.813211329505
0.914862904642
0.686953864452
0.231949859669
0.926071363563
0.724149461577
0.391932798568
0.688523962033
0.632522139606
0.561908627526
0.710540443265
0.634485084367
0.007315420670
0.868485139940
0.489256748829
0.378401701700
0.189470913224
0.913809286621
0.259692683426
0.446431532748
0.627326321450
0.904814983264
0.389062664463
0.796776319157
0.926100347838
0.245157164273
0.903331023111
0.006859491752
0.593775944410
0.007606917183
0.659586434501
0.935059888429
0.551760240365
0.664092590083
0.067729084014
0.620290214347
0.330122658101
0.987739500397
0.307270447341
0.930433321381
0.009263829139
0.741283925666
0.906924660233
0.595021731836
0.002501968332
0.551466699223
0.381868170780
0.927334299693
0.653744876314
0.161556396587
0.595741923045
0.913215523845
0.042802095610
0.135006824265
0.012118460587
0.557840417599
0.005913643102
0.933278028796
0.002659244856
0.706982817966
0.626745357971
0.550856622164
0.944839271967
0.929264072050
0.925665446091
0.556707260775
0.721862209327
0.913276015313
0.240896882656
0.914798166401
0.463068333734
0.817241928043
0.651862846021
0.249667434051
0.636393992304
0.899505553750
0.627099633233
0.002625454983
0.911896683427
0.852951193692
0.817384333193
0.169264621731
0.002568815710
0.782153546537
0.356536917326
0.357210474901
0.651388915132
0.630516884620
0.169473330035
0.007848776824
0.481433797999
0.837415942533
0.820417110812
0.820401227908
0.911173541628
0.006860180427
0.913470101692
0.566479465237
0.644665482602
0.049949475425
0.099854615199
0.657041884470
0.913254640784
0.651101396808
0.438756283793
0.797969996508
0.663009147643
0.931109927233
0.651344481237
0.778805246027
0.021345550067
0.689998282444
0.132445245160
0.794298721799
0.901187470724
0.149674448076
0.997497701000
0.008092339393
0.597043191605
0.036635046060
0.166157846340
0.007183260394
0.929969150754
0.232529899074
0.564869345676
0.008419571999
0.927157160666
0.363101941359
0.363364673847
0.948322994020
0.682303425439
0.817114266308
0.715404549693
0.644001026700
0.270605193808
0.499392028744
0.010425875004
0.895720948728
0.037174111085
0.299505567398
0.291250233580
0.913773190465
0.190918471914
0.104375916719
0.689001386162
0.653744082732
0.262753154021
0.007293089895
0.419345106369
0.576096668187
0.632516596204
0.867917942975
0.683070840156
0.380940047127
0.008307174537
0.623750948764
0.922077358366
0.663851072608
0.689626637115
0.869585470464
0.007167562850
0.926830326611
0.279590767688
0.669360027977
0.653697145220
0.505117940754
0.007311372204
0.650551437000
0.651161166699
0.914658831300
0.137947781230
0.008139262345
0.102880519940
0.641418431101
0.010972064732
0.659775915164
0.008289421286
0.404276317866
0.011723973563
0.896441940526
0.007033512153
0.009388782756
0.406861114422
0.328777101502
0.163207781749
0.166681321570
0.778774225729
0.368823087261
0.676554626321
0.302957122822
0.991536868647
0.925752959385
0.439735559700
0.909069978204
0.053065069559
0.778774058903
0.131338336030
0.105621139185
0.104375916719
0.923334359815
0.914911427302
0.191633707181
0.201655895835
0.421058975852
0.361332582562
0.298834729093
0.007396972375
0.276874053261
0.010583303260
0.029871332799
0.913806798894
0.347278420565
0.820824618481
0.648133811992
0.646943433619
0.638554792575
0.761443603033
0.819333630600
0.708168776289
0.569762695659
0.005807663928
0.250395411264
0.343285297126
0.410270401302
0.609475916271
0.925702853862
0.908079469556
0.409196609501
0.214607779458
0.820784622846
0.640285699680
0.689652405234
0.687495046313
0.965365035562
0.165962352642
0.604311716004
0.929250468447
0.236233289644
0.153368370597
0.912967617550
0.926190126581
0.629056958768
0.884972135366
0.685996946883
0.337260570597
0.895911837234
0.652929714110
0.494920715335
0.887650536382
0.627881315484
0.269744240976
0.514583428003
0.009095725744
0.929752727496
0.649259388610
0.996261972088
0.564646424505
0.965553721675
0.630577418434
0.151143044256
0.819162463138
0.008466342249
0.007052281049
0.900732532527
0.818150959422
0.011948443070
0.399743019453
0.300503563973
0.913101123830
0.632154027856
0.639929296372
0.007192660690
0.089050886799
0.905218703813
0.832311554162
0.809175832781
0.630409906122
0.818857957397
0.313801280831
0.913519774015
0.670836386721
0.138294777091
0.927735144323
0.904330939325
0.817816219551
0.007408839298
0.014400914549
0.369061214307
0.678173864995
0.009124718549
0.688850557237
0.964807883042
0.332547782530
0.970812885267
0.566009058338
0.007521373444
0.913406186555
0.914470081897
0.785805412409
0.928053528877
0.010344278196
0.913367932869
0.763591229870
0.231891260949
0.279357934078
0.021502511949
0.263311735817
0.652037552182
0.245092222407
0.433779207497
0.694531870814
0.671297454186
0.913204872840
0.881564913524
0.857455761817
0.688143434399
0.912759367117
0.008251695209
0.778969855063
0.434589086899
0.517687261810
0.300464284602
0.915082181258
0.167239306198
0.313130500734
0.630660232040
0.553234613546
0.667770749354
0.851352198505
0.514583428003
0.871127244195
0.778317701851
0.272470829634
0.639495099035
0.561743305850
0.912999632665
0.914660975775
0.387875194366
0.010939812219
0.693017895485
0.893836408265
0.302794040658
0.367804243677
0.606018218497
0.695205409447
0.008205083756
0.232518970797
0.938942828965
0.819390306363
0.899571049450
0.187112786017
0.949302561419
0.007778783006
0.010029732016
0.008560981335
0.839841211712
0.996954036704
0.336435502684
0.363109203876
0.155020888355
0.907081063563
0.014703602273
0.670314140965
0.633933223556
0.818841998345
0.611426400223
0.308907758916
0.919721150739
0.305814276390
0.623836414442
0.926150282273
0.423142228933
0.917704364864
0.984969672287
0.869638854989
0.924894536641
0.888508373040
0.896761793134
0.577615522389
0.008422461491
0.395572953804
0.924103620136
0.896470721609
0.627067753658
0.913378281421
0.887747411542
0.596419602917
0.913502607697
0.778774312734
0.008168854643
0.310851527495
0.009353360092
0.716846812239
0.100439112345
0.370618495715
0.309498040017
0.692314631519
0.313008932706
0.911127347117
0.285859030620
0.539224595765
0.914027689481
0.794484245735
0.312115532649
0.630380441567
0.363136260615
0.877327084313
0.487309617880
0.246349073487
0.723856848304
0.255377409588
0.925724644418
0.007438445213
0.665657531933
0.006435592691
0.914658813366
0.997447889236
0.567927183091
0.899648360002
0.007634572327
0.913240812362
0.899319309339
0.389907671041
0.681941959566
0.627448550394
0.389294595736
0.772908994993
0.028141236186
0.688176509945
0.011463140189
0.895206548918
0.896471327939
0.399556921668
0.581644115761
0.840878638393
0.004766404516
0.890542793089
0.006974172788
0.989563439038
0.911422410576
0.627541228807
0.649310679155
0.591502728095
0.960363555568
0.003505755500
0.920944633059
0.257809524948
0.262958658085
0.651580380765
0.644747994803
0.661370751041
0.643843488810
0.992285373276
0.313708882915
0.540685159413
0.561873216420
0.690127227446
0.388961469677
0.272585281487
0.284630816331
0.117179715962
0.007427216055
0.008203445925
0.006320522870
0.283788687437
0.405407925064
0.265929551379
0.925972576177
0.646343143510
0.630578284832
0.785746224574
0.007522235040
0.930060120078
0.681354750609
0.650704263350
0.007719992256
0.004875131482
0.820985495728
0.578818371786
0.007763277569
0.007176133831
0.306502940447
0.912871130517
0.247040083770
0.576621862259
0.950465279656
0.926517884471
0.515409570658
0.308454122901
0.605358956856
0.689505732139
0.008739760706
0.894737990823
0.688812782209
0.165427432610
0.690262707757
0.779265334331
0.647545392702
0.644214889210
0.007567642742
0.099462354767
0.681584428198
0.008459099468
0.930958743518
0.677526859285
0.008463604387
0.261713030303
0.913760114846
0.692185347180
0.007441751670
0.493985855744
0.604507879341
0.364514566423
0.678006114816
0.581644115761
0.567859854716
0.040388849599
0.284029313723
0.255092598803
0.628842864684
0.469121082524
0.913165495712
0.908367567968
0.557037268156
0.282536964529
0.550532100648
0.628684796087
0.945143406892
0.913718600041
0.346404401128
0.007965256590
0.363359770976
0.820677528610
0.913461633038
0.906500449074
0.277119613357
0.154700056678
0.650161380914
0.913435047646
0.007556272384
0.292686301797
0.924089257056
0.820560847596
0.916345821416
0.006181499487
0.896923656711
0.914591997769
0.922183693941
0.405124293269
0.017471748232
0.428653596993
0.340585396466
0.914963332277
0.009262461370
0.939606796945
0.673241842038
0.663416376753
0.941109389681
0.392166837819
0.556195871855
0.650870208689
0.757802681307
0.651161850942
0.666645536302
0.937837819499
0.987172921069
0.577153142202
0.168519728672
0.849574335342
0.911757478568
0.564812130753
0.408846815560
0.640473206404
0.914087499783
0.634755633151
0.627841421287
0.007567687576
0.660987646599
0.913667412938
0.902557868591
0.904497960180
0.668365524103
0.984203271588
0.997513536308
0.997487703425
0.648541737245
0.909100071519
0.778698003742
0.943640185780
0.292840249919
0.889783963735
0.931492897444
0.912972113418
0.008151629771
0.007578575202
0.817977006924
0.362140172184
0.010875205016
0.845411373262
0.817482512926
0.818340058121
0.395648841560
0.913386479515
0.127559898231
0.773237329625
0.912805343664
0.174963638559
0.010651177629
0.911938552364
0.519797417572
0.274554312311
0.547896768153
0.512087197815
0.915081385076
0.335088743676
0.632448062306
0.253402491286
0.139365640318
0.002358517215
0.913803099162
0.790318573330
0.669229965412
0.351184467445
0.912932340491
0.653541355469
0.915259689565
0.007305856488
0.007358132035
0.688654357151
0.914763693234
0.913323418049
0.891774271356
0.963903162998
0.011395797257
0.929080523750
0.624835349522
0.008197457701
0.121399071772
0.914733211755
0.951051267343
0.932788094065
0.923164152559
0.885078049343
0.009149199777
0.743298705753
0.629043060164
0.304624223689
0.009080261024
0.099454330479
0.002588332232
0.582369280888
0.314452137248
0.877951942715
0.645814798831
0.315781491137
0.311868947110
0.605963960570
0.405161326445
0.927211405485
0.933654308001
0.778767289025
0.943246108644
0.819886145241
0.670013441597
0.291111115697
0.211192071780
0.821389601538
0.007576671874
0.633462458701
0.586640695392
0.542143482009
0.490150102344
0.778764321695
0.687919546769
0.010134544161
0.823427232890
0.913401537856
0.504052939830
0.896632974473
0.877753927943
0.389152062472
0.313583127245
0.913183871796
0.933207283148
0.964930331071
0.916502064028
0.921213706346
0.007492589691
0.914656733559
0.007173819592
0.514583428003
0.104375916719
0.007428168222
0.011033005116
0.674707596992
0.672457612227
0.896503992556
0.632649140624
0.886448278581
0.301191260605
0.677761983607
0.167765545423
0.007026128061
0.008473010440
0.303068383396
0.666637432035
0.950741721762
0.272424047363
0.007662106609
0.985966204123
0.324738889154
0.444441621211
0.891529740449
0.675686791080
0.778776458174
0.687847161960
0.633807141145
0.689334623245
0.615439082638
0.310948335569
0.773816968018
0.438328306679
0.951189530576
0.913345848968
0.913172490307
0.390763843205
0.390459502588
0.925652537517
0.017414029188
0.818506831994
0.008280490306
0.632490232785
0.283227970238
0.778783572857
0.520737140814
0.388763708542
0.964060845406
0.003517543898
0.688976357337
0.632233291670
0.643843488810
0.577167943414
0.308867129009
0.285426864436
0.098388585581
0.903661586433
0.319286072948
0.760209605183
0.913593299742
0.005886041369
0.006495704872
0.893852974588
0.042698616398
0.007448797611
0.658145434614
0.008164320323
0.887151242553
0.912918751627
0.949297925465
0.905937065968
0.390465076349
0.172488470532
0.649790132127
0.007479879784
0.008190801214
0.610167839639
0.005784902437
0.227303844552
0.830362386718
0.913550844552
0.206949242630
0.020281546755
0.813105467572
0.660175503341
0.336002178172
0.005876773787
0.709392850333
0.111780010856
0.913796001689
0.964451601892
0.344274642177
0.313363956653
0.686844777581
0.688642901778
0.628232666875
0.667071957147
0.668279056957
0.535184675218
0.004858092565
0.380027036015
0.913042567171
0.282469013179
1.000000000000
0.667627857115
0.013461346240
0.231993590566
0.348027752836
0.398838926874
0.677728359664
0.710375306319
0.901264875408
0.913367571193
0.984810760827
0.672032262201
0.142139579685
0.008460726297
0.121483071009
0.270870256600
0.611184251841
0.926101130719
0.886224312933
0.647708816160
0.651064579234
0.163589190313
0.556442652842
0.663378199838
0.925746686853
0.263006410567
0.972042265136
0.011466761752
0.616747440139
0.296160165605
0.911094973413
0.635582953776
0.778779958069
0.996926679860
0.648333241811
0.867592765941
0.602960100200
0.888150043658
0.679821989735
0.637560096390
0.879262227944
0.913672316472
0.608819030640
0.097329140846
0.818604305939
0.169559524417
0.267958439378
0.170523541492
0.649378607312
0.835759986268
0.637047252889
0.994828608073
0.904080402699
0.005276259444
0.689285895123
0.792288339808
0.161292775186
0.914958581582
0.778774461884
0.007434992062
0.650029664945
0.689993302826
0.008598392732
0.530771754425
0.910612093976
0.293870302721
0.347563748321
0.629315428336
0.630483858401
0.658982323537
0.834948847840
0.597319282071
0.711377625679
0.997309341217
0.689494363186
0.894153606155
0.405427973245
0.467795987828
0.007438309768
0.126201889382
0.914658847996
0.910081512708
0.914186934982
0.587916967633
0.632739832938
0.195508293987
0.284856907104
0.247045522293
0.896732550138
0.926117087479
0.010395667152
0.778777897009
0.932243258280
0.913785267053
0.900696291090
0.255945699990
0.403867809649
0.815191085280
0.402807538744
0.236766243840
0.963183794113
0.173429842201
0.636553183543
0.818094296567
0.008563448273
0.276997812361
0.006910817615
0.658664107806
0.627643972328
0.947006037379
0.007742205982
0.702572003086
0.488090751364
0.008692410807
0.006718556556
0.561133730921
0.689133496594
0.649751587027
0.792783090318
0.556143961692
0.314730415457
0.309487010949
0.913693310721
0.778776473436
0.564683672118
0.686886710921
0.011543427405
0.818959547756
0.551658972801
0.561568824955
0.446123674945
