0.086530865627
0.366965397996
0.232907882775
0.063458261483
0.763738301835
0.188222964496
0.745960136591
0.311767983853
0.895624083281
0.093391365149
0.989871132939
0.962556997084
0.332865776930
0.302739079456
0.889515840678
0.872593016297
0.700216450705
0.087057497987
0.895624083281
0.050709614971
0.181428861986
1.000000000000
0.343633735425
0.245746714202
0.366523111465
0.311586829677
0.368608005455
0.624563505201
0.109519649352
0.770919979313
0.358762564202
0.817373292072
0.189962314403
0.988618332963
0.740140458834
0.300075830833
0.077760863188
0.723140350853
0.414959274792
0.653791003440
0.279558553884
0.605801921248
0.947117700477
0.992552230923
0.095260691528
0.077397122299
0.369523628105
0.930498855670
0.353238937785
0.074283838000
0.086743726590
0.719253735754
0.054251777195
0.990426512299
0.086610510447
0.409979671232
0.670689256904
0.713605073009
0.086434170257
0.091974463418
0.992511832987
0.883858659529
0.616173254823
0.691366849687
0.990546989979
0.578919166270
0.369683714801
0.385432023609
0.105027623236
0.041828326855
0.992427627181
0.987888019941
0.359345014934
0.748945401951
0.064563047599
0.186788670495
0.085137095358
0.313046135548
0.768050140331
0.073928636437
0.275850538423
0.608067201432
0.311476037967
0.367477860394
0.438091372474
0.289459556735
0.365514915633
0.992684579330
0.131514860060
0.510743251171
0.621598298300
0.810529086776
0.086190713379
0.740307316574
0.553568467252
0.372673678550
0.095185016736
0.610937335537
0.203223680843
0.073899652162
0.754842835727
0.096668976889
0.993140508248
0.406224055590
0.992393082817
0.340413565499
0.064940111571
0.448239759635
0.335907409917
0.932270915986
0.379709785653
0.669877341899
0.012260499603
0.692729552659
0.069566678619
0.990736170861
0.258716074334
0.093075339767
0.404978268164
0.997498031668
0.448533300777
0.618131829220
0.072665700307
0.346255123686
0.838443603413
0.404258076955
0.086784476155
0.957197904390
0.864993175735
0.987881539413
0.442159582401
0.994086356898
0.066721971204
0.997340755144
0.293017182034
0.373254642029
0.449143377836
0.055160728033
0.070735927950
0.074334553909
0.443292739225
0.278137790673
0.086723984687
0.759103117344
0.085201833599
0.536931666266
0.182758071957
0.348137153979
0.750332565949
0.363606007696
0.100494446250
0.372900366767
0.997374545017
0.088103316573
0.147048806308
0.182615666807
0.830735378269
0.997431184290
0.217846453463
0.643463082674
0.642789525099
0.348611084868
0.369483115380
0.830526669965
0.992151223176
0.518566202001
0.162584057467
0.179582889188
0.179598772092
0.088826458372
0.993139819573
0.086529898308
0.433520534763
0.355334517398
0.950050524575
0.900145384801
0.342958115530
0.086745359216
0.348898603192
0.561243716207
0.202030003492
0.336990852357
0.068890072767
0.348655518763
0.221194753973
0.978654449933
0.310001717556
0.867554754840
0.205701278201
0.098812529276
0.850325551924
0.002502299000
0.991907660607
0.402956808395
0.963364953940
0.833842153660
0.992816739606
0.070030849246
0.767470100926
0.435130654324
0.991580428001
0.072842839334
0.636898058641
0.636635326153
0.051677005980
0.317696574561
0.182885733692
0.284595450307
0.355998973300
0.729394806192
0.500607971256
0.989574124996
0.104279051272
0.962825888915
0.700494432602
0.708749766420
0.086226809535
0.809081528086
0.895624083281
0.310998613838
0.346255917268
0.737246845979
0.992706910105
0.580654893631
0.423903331813
0.367483403796
0.132082057025
0.316929159844
0.619059952873
0.991692825463
0.376249051236
0.077922641634
0.336148927392
0.310373362885
0.130414529536
0.992832437150
0.073169673389
0.720409232312
0.330639972023
0.346302854780
0.494882059246
0.992688627796
0.349448563000
0.348838833301
0.085341168700
0.862052218770
0.991860737655
0.897119480060
0.358581568899
0.989027935268
0.340224084836
0.991710578714
0.595723682134
0.988276026437
0.103558059474
0.992966487847
0.990611217244
0.593138885578
0.671222898498
0.836792218251
0.833318678430
0.221225774271
0.631176912739
0.323445373679
0.697042877178
0.008463131353
0.074247040615
0.560264440300
0.090930021796
0.946934930441
0.221225941097
0.868661663970
0.894378860815
0.895624083281
0.076665640185
0.085088572698
0.808366292819
0.798344104165
0.578941024148
0.638667417438
0.701165270907
0.992603027625
0.723125946739
0.989416696740
0.970128667201
0.086193201106
0.652721579435
0.179175381519
0.351866188008
0.353056566381
0.361445207425
0.238556396967
0.180666369400
0.291831223711
0.430237304341
0.994192336072
0.749604588736
0.656714702874
0.589729598698
0.390524083729
0.074297146138
0.091920530444
0.590803390499
0.785392220542
0.179215377154
0.359714300320
0.310347594766
0.312504953687
0.034634964438
0.834037647358
0.395688283996
0.070749531553
0.763766710356
0.846631629403
0.087032382450
0.073809873419
0.370943041232
0.115027864634
0.314003053117
0.662739429403
0.104088162766
0.347070285890
0.505079284665
0.112349463618
0.372118684516
0.730255759024
0.485416571997
0.990904274256
0.070247272504
0.350740611390
0.003738027912
0.435353575495
0.034446278325
0.369422581566
0.848856955744
0.180837536862
0.991533657751
0.992947718951
0.099267467473
0.181849040578
0.988051556930
0.600256980547
0.699496436027
0.086898876170
0.367845972144
0.360070703628
0.992807339310
0.910949113201
0.094781296187
0.167688445838
0.190824167219
0.369590093878
0.181142042603
0.686198719169
0.086480225985
0.329163613279
0.861705222909
0.072264855677
0.095669060675
0.182183780449
0.992591160702
0.985599085451
0.630938785693
0.321826135005
0.990875281451
0.311149442763
0.035192116958
0.667452217470
0.029187114733
0.433990941662
0.992478626556
0.086593813445
0.085529918103
0.214194587591
0.071946471123
0.989655721804
0.086632067131
0.236408770130
0.768108739051
0.720642065922
0.978497488051
0.736688264183
0.347962447818
0.754907777593
0.566220792503
0.305468129186
0.328702545814
0.086795127160
0.118435086476
0.142544238183
0.311856565601
0.087240632883
0.991748304791
0.221030144937
0.565410913101
0.482312738190
0.699535715398
0.084917818742
0.832760693802
0.686869499266
0.369339767960
0.446765386454
0.332229250646
0.148647801495
0.485416571997
0.128872755805
0.221682298149
0.727529170366
0.360504900965
0.438256694150
0.087000367335
0.085339024225
0.612124805634
0.989060187781
0.306982104515
0.106163591735
0.697205959342
0.632195756323
0.393981781503
0.304794590553
0.991794916244
0.767481029203
0.061057171035
0.180609693637
0.100428950550
0.812887213983
0.050697438581
0.992221216994
0.989970267984
0.991439018665
0.160158788288
0.003045963296
0.663564497316
0.636890796124
0.844979111645
0.092918936437
0.985296397727
0.329685859035
0.366066776444
0.181158001655
0.388573599777
0.691092241084
0.080278849261
0.694185723610
0.376163585558
0.073849717727
0.576857771067
0.082295635136
0.015030327713
0.130361145011
0.075105463359
0.111491626960
0.103238206866
0.422384477611
0.991577538509
0.604427046196
0.075896379864
0.103529278391
0.372932246342
0.086621718579
0.112252588458
0.403580397083
0.086497392303
0.221225687266
0.991831145357
0.689148472505
0.990646639908
0.283153187761
0.899560887655
0.629381504285
0.690501959983
0.307685368481
0.686991067294
0.088872652883
0.714140969380
0.460775404235
0.085972310519
0.205515754265
0.687884467351
0.369619558433
0.636863739385
0.122672915687
0.512690382120
0.753650926513
0.276143151696
0.744622590412
0.074275355582
0.992561554787
0.334342468067
0.993564407309
0.085341186634
0.002552110764
0.432072816909
0.100351639998
0.992365427673
0.086759187638
0.100680690661
0.610092328959
0.318058040434
0.372551449606
0.610705404264
0.227091005007
0.971858763814
0.311823490055
0.988536859811
0.104793451082
0.103528672061
0.600443078332
0.418355884239
0.159121361607
0.995233595484
0.109457206911
0.993025827212
0.010436560962
0.088577589424
0.372458771193
0.350689320845
0.408497271905
0.039636444432
0.996494244500
0.079055366941
0.742190475052
0.737041341915
0.348419619235
0.355252005197
0.338629248959
0.356156511190
0.007714626724
0.686291117085
0.459314840587
0.438126783580
0.309872772554
0.611038530323
0.727414718513
0.715369183669
0.882820284038
0.992572783945
0.991796554075
0.993679477130
0.716211312563
0.594592074936
0.734070448621
0.074027423823
0.353656856490
0.369421715168
0.214253775426
0.992477764960
0.069939879922
0.318645249391
0.349295736650
0.992280007744
0.995124868518
0.179014504272
0.421181628214
0.992236722431
0.992823866169
0.693497059553
0.087128869483
0.752959916230
0.423378137741
0.049534720344
0.073482115529
0.484590429342
0.691545877099
0.394641043144
0.310494267861
0.991260239294
0.105262009177
0.311187217791
0.834572567390
0.309737292243
0.220734665669
0.352454607298
0.355785110790
0.992432357258
0.900537645233
0.318415571802
0.991540900532
0.069041256482
0.322473140715
0.991536395613
0.738286969697
0.086239885154
0.307814652820
0.992558248330
0.506014144256
0.395492120659
0.635485433577
0.321993885184
0.418355884239
0.432140145284
0.959611150401
0.715970686277
0.744907401197
0.371157135316
0.530878917476
0.086834504288
0.091632432032
0.442962731844
0.717463035471
0.449467899352
0.371315203913
0.054856593108
0.086281399959
0.653595598872
0.992034743410
0.636640229024
0.179322471390
0.086538366962
0.093499550926
0.722880386643
0.845299943322
0.349838619086
0.086564952354
0.992443727616
0.707313698203
0.075910742944
0.179439152404
0.083654178584
0.993818500513
0.103076343289
0.085408002231
0.077816306059
0.594875706731
0.982528251768
0.571346403007
0.659414603534
0.085036667723
0.990737538630
0.060393203055
0.326758157962
0.336583623247
0.058890610319
0.607833162181
0.443804128145
0.349129791311
0.242197318693
0.348838149058
0.333354463698
0.062162180501
0.012827078931
0.422846857798
0.831480271328
0.150425664658
0.088242521432
0.435187869247
0.591153184440
0.359526793596
0.085912500217
0.365244366849
0.372158578713
0.992432312424
0.339012353401
0.086332587062
0.097442131409
0.095502039820
0.331634475897
0.015796728412
0.002486463692
0.002512296575
0.351458262755
0.090899928481
0.221301996258
0.056359814220
0.707159750081
0.110216036265
0.068507102556
0.087027886582
0.991848370229
0.992421424798
0.182022993076
0.637859827816
0.989124794984
0.154588626738
0.182517487074
0.181659941879
0.604351158440
0.086613520485
0.872440101769
0.226762670375
0.087194656336
0.825036361441
0.989348822371
0.088061447636
0.480202582428
0.725445687689
0.452103231847
0.487912802185
0.084918614924
0.664911256324
0.367551937694
0.746597508714
0.860634359682
0.997641482785
0.086196900838
0.209681426670
0.330770034588
0.648815532555
0.087067659509
0.346458644531
0.084740310435
0.992694143512
0.992641867965
0.311345642849
0.085236306766
0.086676581951
0.108225728644
0.036096837002
0.988604202743
0.070919476250
0.375164650478
0.991802542299
0.878600928228
0.085266788245
0.048948732657
0.067211905935
0.076835847441
0.114921950657
0.990850800223
0.256701294247
0.370956939836
0.695375776311
0.990919738976
0.900545669521
0.997411667768
0.417630719112
0.685547862752
0.122048057285
0.354185201169
0.684218508863
0.688131052890
0.394036039430
0.594838673555
0.072788594515
0.066345691999
0.221232710975
0.056753891356
0.180113854759
0.329986558403
0.708888884303
0.788807928220
0.178610398462
0.992423328126
0.366537541299
0.413359304608
0.457856517991
0.509849897656
0.221235678305
0.312080453231
0.989865455839
0.176572767110
0.086598462144
0.495947060170
0.103367025527
0.122246072057
0.610847937528
0.686416872755
0.086816128204
0.066792716852
0.035069668929
0.083497935972
0.078786293654
0.992507410309
0.085343266441
0.992826180408
0.485416571997
0.895624083281
0.992571831778
0.988966994884
0.325292403008
0.327542387773
0.103496007444
0.367350859376
0.113551721419
0.698808739395
0.322238016393
0.832234454577
0.992973871939
0.991526989560
0.696931616604
0.333362567965
0.049258278238
0.727575952637
0.992337893391
0.014033795877
0.675261110846
0.555558378789
0.108470259551
0.324313208920
0.221223541826
0.312152838040
0.366192858855
0.310665376755
0.384560917362
0.689051664431
0.226183031982
0.561671693321
0.048810469424
0.086654151032
0.086827509693
0.609236156795
0.609540497412
0.074347462483
0.982585970812
0.181493168006
0.991719509694
0.367509767215
0.716772029762
0.221216427143
0.479262859186
0.611236291458
0.035939154594
0.996482456102
0.311023642663
0.367766708330
0.356156511190
0.422832056586
0.691132870991
0.714573135564
0.901611414419
0.096338413567
0.680713927052
0.239790394817
0.086406700258
0.994113958631
0.993504295128
0.106147025412
0.957301383602
0.992551202389
0.341854565386
0.991835679677
0.112848757447
0.087081248373
0.050702074535
0.094062934032
0.609534923651
0.827511529468
0.350209867873
0.992520120216
0.991809198786
0.389832160361
0.994215097563
0.772696155448
0.169637613282
0.086449155448
0.793050757370
0.979718453245
0.186894532428
0.339824496659
0.663997821828
0.994123226213
0.290607149667
0.888219989144
0.086203998311
0.035548398108
0.655725357823
0.686636043347
0.313155222419
0.311357098222
0.371767333125
0.332928042853
0.331720943043
0.464815324782
0.995141907435
0.619972963985
0.086957432829
0.717530986821
0.000000000000
0.332372142885
0.986538653760
0.768006409434
0.651972247164
0.601161073126
0.322271640336
0.289624693681
0.098735124592
0.086632428807
0.015189239173
0.327967737799
0.857860420315
0.991539273703
0.878516928991
0.729129743400
0.388815748159
0.073898869281
0.113775687067
0.352291183840
0.348935420766
0.836410809687
0.443557347158
0.336621800162
0.074253313147
0.736993589433
0.027957734864
0.988533238248
0.383252559861
0.703839834395
0.088905026587
0.364417046224
0.221220041931
0.003073320140
0.351666758189
0.132407234059
0.397039899800
0.111849956342
0.320178010265
0.362439903610
0.120737772056
0.086327683528
0.391180969360
0.902670859154
0.181395694061
0.830440475583
0.732041560622
0.829476458508
0.350621392688
0.164240013732
0.362952747111
0.005171391927
0.095919597301
0.994723740556
0.310714104877
0.207711660192
0.838707224814
0.085041418418
0.221225538116
0.992565007938
0.349970335055
0.310006697174
0.991401607268
0.469228245575
0.089387906024
0.706129697279
0.652436251679
0.370684571664
0.369516141599
0.341017676463
0.165051152160
0.402680717929
0.288622374321
0.002690658783
0.310505636814
0.105846393845
0.594572026755
0.532204012172
0.992561690232
0.873798110618
0.085341152004
0.089918487292
0.085813065018
0.412083032367
0.367260167062
0.804491706013
0.715143092896
0.752954477707
0.103267449862
0.073882912521
0.989604332848
0.221222102991
0.067756741720
0.086214732947
0.099303708910
0.744054300010
0.596132190351
0.184808914720
0.597192461256
0.763233756160
0.036816205887
0.826570157799
0.363446816457
0.181905703433
0.991436551727
0.723002187639
0.993089182385
0.341335892194
0.372356027672
0.052993962621
0.992257794018
0.297427996914
0.511909248636
0.991307589193
0.993281443444
0.438866269079
0.310866503406
0.350248412973
0.207216909682
0.443856038308
0.685269584543
0.690512989051
0.086306689279
0.221223526564
0.435316327882
0.313113289079
0.988456572595
0.181040452244
0.448341027199
0.438431175045
0.553876325055
