  -73.5751961078673559768503764644265174866263201421159000200975
  -26.6222961078673634460756147745996713638501253804254476611270
  -64.6522961078673574775166343897581100464342177555265549029470
  -21.4094961078673620136214594822376966476597721823304686473736
  -22.4066961078673614338185871019959449768231024654346186376370
  -67.3931961078673680276551749557256698608893564508179104155922
  -24.0470961078673610700207063928246498108086826410177991876373
  -51.6253761078673605311450955923646688461682994299836712342009
  -46.7313461078673597626220725942403078079566960520975744838034
  -25.5723961078673589497611828846856951713749888013511174580395
  -75.4990961078673592510313028469681739807683586006043668968384
  -43.0737261078673583369891275651752948761302783885679153482342
  -22.4885961078673624058410496218129992485211606829267013541930
  -22.4833961078673603140032355440780520439313131125700611802217
  -29.2459961078673629231161612551659345627045920332556054330770
  -25.1463961078673605697986204177141189575380059041052110251807
  -48.8831161078673588349374767858535051346184331730221175291162
  -59.1861961078673601832633721642196178436714128369821613388428
  -55.8688961078673571591934887692332267761640928573509221026522
  -19.2324961078673588588117127073928713798664247284543810701153
  -57.6266961078673602969502098858356475830501499098320942405709
   -2.3875961078673597626220725942403078079241174098355271015025
  -47.2241161078673599149624351412057876587261010510671086705499
  -35.0680861078673586916920612566173076629896311481962172623915
  -21.1477961078673608597000566078349947929537693686607122761253
  -51.5697261078673605538824631366878747940442351073207816965302
  -54.7748961078673630709090502932667732239171953630885473679119
  -45.5571161078673583233467070385813713074065169578903456985832
  -32.2097261078673611223166517447680234909294256881758320181014
  -30.7699961078673602798971842275932431221234363009997636599864
  -48.9767961078673579322639852762222290039422324669663581733866
  -34.8888561078673617998902045655995607376354955645384060905562
  -62.0775961078673574888853181619197130203703144459608910631762
  -68.8308961078673604561117826960980892181902173934605211617484
  -24.9013961078673595750387903535738587379638512971577413616752
  -29.8075961078673614679246384184807538986425046317727440549231
  -35.0817861078673587371667963452637195587415943383665961782617
  -26.0390961078673583983800199348479509353829000377345729336219
  -51.8621961078673621159396134316921234131240398240912723191950
  -71.2134961078673569545571808703243732452915772264856893980611
  -24.6794961078673615872958180261775851249876140520349616971548
  -31.1147961078673631618585204705595970154037189169073658650617
  -23.7426961078673635086033755214884877205069453313425552492305
  -57.8292961078673641850400599651038646698422909443042671155831
  -53.8620961078673587962839519605040550232329309935614032497481
  -22.9860961078673611268641252536326646804978445475764101582753
  -41.6018001078673620440895319916307926178284157381317725719812
  -21.4434961078673644863101799273863434791722483334604236227998
  -42.8875561078673612769307510461658239364939111437033574846033
  -53.2708961078673581823750282637774944305811294608987744140629
  -67.6182961078673656629689503461122512817879593281793917244286
  -39.6704861078673616248124744743108749389939890201963575745631
  -19.7086961078673610359146550763398408889915304443355445550344
  -54.7923961078673613656064844690263271332189660325580094854287
  -18.4806961078673595011423458345234394073622102836712884482444
  -34.6674661078673622682799759786576032638804501003544507495057
  -43.0415661078673608130884531419724225998241024173814638220744
  -33.5962661078673647807590896263718605041750732631365752298650
  -41.4865391078673582114788587205111980438537216827227912393652
  -32.0890761078673563133634161204099655151602940798049403214510
  -55.0281961078673589327081572264432907104896470835379619182627
  -33.4522961078673617407730489503592252731569010844355202996738
  -28.8459961078673607914879539748653769493314954252928998596339
  -65.5268961078673584097487037070095539093498993726260731365410
  -48.1841561078673592533050396014004945755358884083149608131257
  -70.7817961078673647534742485731840133667512210009161581653426
  -37.2809061078673593669918773230165243149077607778270838717897
  -22.0269961078673617294043651781976222992105188184314891237499
  -47.9280261078673603947208903264254331589097236712099132436522
  -14.1592961078673589270238153403624892234906272172415113020495
  -13.9029961078673593988241918850690126419169525896151889572160
  -45.5529461078673563179108896292746067047453810817581938665230
  -21.6589961078673631789115461288020014763037543141057999986880
  -24.5415961078673632300706231035292148590268193797406002024572
  -16.4841961078673620022527757100760936737181653621266530144509
  -38.0215361078673623751456034369766712189000041255652398182479
   -7.3866961078673583074305497575551271438652901684662744113590
  -58.0523961078673593760868243407458066940734118835478098947645
  -31.2198961078673633551261445973068475723495969134425355042143
  -17.3021961078673633949165377998724579811223307867385109099625
  -24.8998961078673630709090502932667732238952466795067874683490
  -86.5354961078673454721865709871053695679346699917627513203734
  -54.6890961078673569772945484146475791931554135772039845182674
  -57.6081961078673572274055914022028446197933003806786628556165
  -29.3758961078673621614143485203385353088594726249532128169844
  -30.3802961078673590122889436315745115280374566352819415056539
  -59.0649961078673584324860712513327598572211284807850865492778
   -6.6558961078673632982827257364988327026416087301715363352065
  -25.4297961078673608881217660382390022278018859885421004230894
  -53.0163961078673580118447716813534498215111182650785967438309
  -31.6151961078673622296264511533081531524890474902655855347949
  -26.9012961078673598080968076828867197036940803572528722948384
  -33.2609761078673642487046890892088413238769753684485207264876
  -25.5299961078673618430912028998136520385929752288758206695462
  -33.1305561078673633801372488960623741150145748634652493241389
  -19.3875961078673597626220725942403078079366070373130139062746
  -30.5990961078673606721167743671685457229839064466344164546901
  -81.1275961078673617521417327225208282471299156443253689269501
  -31.2703961078673629003787937108427286148301027649829833323297
  -48.3342361078673619090295687783509492874500611696850679456451
  -32.3401661078673612337297527119517326355218066766027828051724
  -54.2976961078673596716726024169474840164583486781484146181653
  -20.0988961078673611382328090257942676544337116492703513404755
  -42.7828981078673606930351525079458951950387561281485022598205
  -43.4355561078673630959201545920222997665724387505185141194111
  -19.4139961078673621841517160646617412567281303392198024757976
  -13.3850961078673584836451482260599732399085154561625071673559
  -33.7117961078673573638297966681420803070316034536755442862133
  -21.6222961078673634460756147745996713638464519605791280126646
  -16.7013961078673602855815261136740446090820944667347771387189
  -23.9174961078673611325484671397134661674675229728503825823951
  -46.6563961078673585802789602894335985184058597375340781514043
   -8.3394961078673617294043651781976222992004628316021890860841
  -58.4655961078673556130524957552552223205995943612139097477488
  -30.6578961078673586371223791502416133880840473023018091722609
  -26.6719961078673613030787237221375107765393708785937200768583
  -30.2349961078673601377886370755732059478981897294512074574965
  -19.9421961078673604106370476074516773224023465242923676821582
  -39.7668961078673603992683638352900743484789231323278343091243
   -3.2618961078673649467418726999312639236474159940298545590413
  -66.7538961078673622751011862419545650482668164548563599811135
  -61.8055961078673590236576274037361145019985325806712512754274
  -17.1291961078673615759271342540159821510440786864118282487893
  -52.4336961078673624570001265965402126312641081334797066552648
  -18.9966961078673612917100399499759078025957436774744286372812
  -37.6096161078673603128663671668618917465486272757946206188139
  -61.6637961078673555448403931222856044769740143399844096476411
  -17.0796961078673597000943118473514914512759759133053496828914
  -30.1804961078673628094293235335499048233253957829248825752911
  -30.0072961078673614565559546463191509247046630669114060616744
  -31.9577861078673599593003018526360392570730394200216156628003
   -7.8836961078673652991710696369409561157284482751489985895529
  -19.4805961078673597342003631638363003730917046597971554517152
   -3.3036961078673598990462778601795434951806498288197697875940
  -24.1889961078673607630662445444613695144831032989230377390351
  -18.6900961078673581994280539220198988914627059233694523141657
  -21.6581961078673614906620059628039598465124939607336245863039
  -17.4896961078673598422028589993715286255011306493577478941697
  -25.4972961078673598933619359740987420082279609703350257376128
  -41.8663355078673617981621646322309970856020475880494553931473
  -32.0278361078673583506315480917692184448477490877586625998934
  -29.1055961078673632869140419643372297287201138836263207776154
  -74.1457961078673548627193667925894260407038877902887620175615
  -32.6566761078673621909729263279587030411006524926758945322626
  -17.7850961078673641679870343068614602089058886906272684621790
  -78.6975961078673549309314694255590438843351616122800575727859
  -61.0959961078673643442016327753663063049765268739266615948265
  -29.3977961078673608597000566078349947929598305114071396960883
  -24.4545961078673599331523291766643524170101538997352742381517
  -31.6777961078673584438547550234943628311389958252320614540123
  -25.6595961078673617805634421529248356819341348970432372747884
  -18.2243961078673599729427223792299628257885356560449661034109
   -3.0269961078673617294043651781976222991965598230154744595928
  -29.9451961078673605243238853290677070617895783805369147709556
  -38.7973561078673583324416540563106536865519412955822741572118
  -61.3165961078673547035577939823269844055626264452102812106338
   -9.1945961078673619226719893049448728561468918411143066725061
   -5.8181961078673651854842319153249263763470479729104839426896
  -43.9651561078673580595932435244321823120440192453986362928762
  -65.3481961078673521114978939294815063477042602721007656676777
  -37.4995461078673599786270642653107643127716909403801237378271
  -40.4428361078673574979802651796489953995048103596100185676291
  -46.9680761078673612018974381498992443085061863800836183349369
  -29.8607961078673618260381772415712475776891745763349088962459
  -23.6212961078673622239421092672273516655141803594586866072220
  -36.1426861078673624660950736142694950104025300145895882840120
  -37.2353061078673590600374154746532440185820436824880854363702
  -48.6657561078673595034160825889557600021719844196145583218494
  -48.7360561078673555357454461045563220978141259116475975731918
  -26.2164961078673606209576973924413323402597393550457203563822
  -14.6213961078673619908840919379144906997788085115787081662114
  -80.0843961078673629572222125716507434845559070345086327963802
  -28.0532961078673608312783471774309873581138720256854643425959
  -24.1745961078673587962839519605040550232111200632238803370026
  -36.7308061078673588895071588922291994095118488156755917837151
  -49.6543161078673591646293061785399913788206599175492138719373
  -19.1051961078673606664324324810877442360064679219350937731935
  -42.1234961078673606493794068228453397751163966760698016860214
  -26.8261961078673607516975607722997665405470525262367805744118
  -34.2347761078673613610590109601616859436286673661977899391006
  -26.7679961078673613883438520133495330810743535176297694141714
  -22.8317961078673619113033055327832698822189225920899527345001
  -21.7060961078673599899957480374723672866980760270957523274337
  -51.8726961078673554084161878563463687897109616007729495855289
  -78.9084961078673643442016327753663063049896134321291753424738
  -26.4853961078673592055565677583217620849803958959400554260367
  -40.2267661078673626207091729156672954559621711476947797141041
  -22.4258961078673628719570842804387211799786341494918285061437
  -52.7321961078673595579857646953314542770773157178945319361482
  -24.1112961078673606607480905950069427490411516827286259316228
  -14.6478961078673641793557180790230631828415721213288936619561
   -2.7014961078673636052371875848621129989643870896334790518560
  -75.0365961078673535666894167661666870117738781842685823251794
  -34.4553361078673603401512082200497388839974817518440507906835
  -25.1820961078673626332147250650450587272829051791979137489867
  -16.5214961078673638894542818889021873474242474533387065604149
  -16.0458961078673603140032355440780520439265835845179246328264
  -29.1356961078673606380107230506837368011688664663637956199530
  -31.6549961078673618430912028998136520385974751681875622389127
  -48.6413861078673619431356200948357582092642516716162273616752
  -18.7325961078673621784673741785809397697586355849381460341009
  -38.5147761078673624979273881763219833374306399385862395590196
  -50.9102661078673577321751508861780166626350592063804109033822
  -50.6451161078673592896848276723176240921392589361759605735685
  -18.4007961078673609733868943294510245323316340042971442613436
  -26.0510961078673588531273708213120698929024401039422041011123
  -61.9076961078673591032384138088673353195645255606545131227074
  -26.3335961078673612689726724056527018547251574177885211630253
  -18.5315961078673616668766044313088059425490152572103239838569
  -36.8384161078673599831745377741754055023464005312675242759928
  -32.2755561078673594010979286395013332367180482711715286613285
  -72.6077961078673581596376607194542884827193594088440340961167
  -52.7257961078673602628441585693508386612325844534171286475160
  -27.4063961078673585802789602894335985183917170711257475048241
  -28.7351961078673596716726024169474840164395683191841054154013
  -50.3355361078673624319890222977846860885989924302127558485229
  -11.2583961078673624456314428243786096572958690193900735709897
  -23.1702961078673617123513395199552178383043763607385485745548
  -57.8611961078673573410924291238188743591733690682228866299122
  -55.5030961078673641395653248764574527740886287974549653622991
  -19.4468961078673601150512695312500000000142873228223912575643
  -31.4103961078673634688129823189228773117296196832386802829043
  -30.8784961078673596546195767587050795555341605454604287958986
  -30.0335961078673605584299366455525159836036081703497977023655
  -39.6278661078673621886991895735263824463181764579655875462939
  -31.4608961078673630140656314324587583542101255347791281110196
  -35.0068961078673623887880239635705947876233752553841380052498
  -25.7113961078673618487755447858944535255621026411728451463966
  -61.9705961078673581710063444916158914566495327097761798232002
  -16.0338961078673634119695634581148624420283814089352934679461
  -17.5902961078673634176539053441956639289985190116900558481236
  -14.2705961078673624342627590522170066833600937531922903800010
  -57.0897961078673574775166343897581100464286617080089964346476
  -60.2227961078673601491573208477348089218582095666347003283370
  -32.9691761078673621909729263279587030411008820814162895102915
  -32.7313561078673629367585817817598581314327386088747191630800
  -26.4062961078673623660506564192473888397410799699380866515199
  -29.4885961078673588531273708213120698929049655800865488594302
  -58.4773961078673565339158813003450632095766538117347470627957
  -44.8534361078673597944543871562927961349816835692248540576180
  -24.6414961078673613315004331525415182113828498059191296676386
  -23.1135961078673624058410496218129992485216198604074913102508
  -24.7922961078673615986645017983391880989256852056366946684325
  -23.5404961078673622409951349254697561264211034188689700817154
  -57.0033961078673598876775940880179405212821138563140520328929
  -13.8281961078673631959645717870444059372049835727542880180647
  -79.0062961078673566817087703384459018707855837217213693491682
  -25.5874961078673628378510329639539122581669920825790533462344
  -64.3390961078673626616364344954490661621566439025073814439760
  -46.2646861078673623524082358926534652710300836732264777802758
  -18.8947961078673607460132188862189650535722313131779606424447
  -79.7950961078673515203263377770781517029394835529363247331177
  -34.6024361078673621250345604494214057922617499801059295160526
  -59.8596961078673572842490102630108594894848959278854605933609
  -63.7432961078673585575415927451103925705424366465484939916500
  -23.7520961078673629174318193690851330757315616123718663297353
  -10.6234961078673606493794068228453397750932541310379879007083
  -88.4114961078673502470337552949786186218911263838890904559845
  -31.9647761078673582346709736157208681106802222898375608164017
  -14.5516961078673610074929456459358334541427709759810504695894
  -15.6539961078673606209576973924413323402519792556203700990054
  -97.6662961078673532711036386899650096894028085495878342747242
  -59.7203961078673586371223791502416133881053990551585421289486
  -23.8267961078673629060631355969235301017936282120143703452749
  -42.0289351078673618644643283914774656296085147036189841204584
   -5.4236961078673644465197867248207330703775198588346093218830
  -55.4320961078673590805010462645441293716837914786431476195741
  -33.8761161078673609381439746357500553131352398019453737377664
  -30.7066961078673585916476440615952014923321300298795092519965
  -33.7083261078673643851288943551480770111331634043221709455357
  -94.6332961078673520205484237521886825562218693156090567750481
  -27.7985961078673611268641252536326646805013802141784928199204
  -43.7505561078673608221834001597017049789750139259688322555938
  -56.2664961078673542260730755515396595001634084051971014389430
  -22.4818961078673638098734954837709665298627084949191072868955
  -10.5603961078673584950138319982215762138444284756045273451619
  -44.5309961078673595125110296066850423813193373027258045959208
  -18.4555961078673611552858346840366721153394867649786599248244
  -79.4190961078673609563338686712086200714694807492638815024858
  -44.1034561078673590373000479303300380707111130396915854950709
  -37.5213361078673628412616380956023931503571561678938140009582
  -31.8112961078673599502053548349067568779225411711669581897329
  -28.4592961078673596375665511004626750946254007761269854971740
  -77.9932961078673656629689503461122512817955816743605049949881
  -17.8734961078673606493794068228453397750985805898151513909787
  -27.1545961078673627753232722170650959015092078589522868504095
  -31.1170961078673613542378006968647241592635838879304951707719
  -47.2432961078673585575415927451103925705303143610556391517241
  -39.1880761078673600650290609337389469147016424138027449610942
  -32.8190661078673571182662271894514560699704007042556632980785
  -17.7782961078673622523638186976313591003548583041512774660497
  -29.3900961078673610415989969624206423759676373543405763639633
  -51.1463861078673573956621112301945686340707795549592335022139
  -23.9009961078673605072708596708253026008781553818148897270958
  -44.9454061078673632323443598579615354538294073881095072637576
   -9.9822961078673593249277473660185933113171482860518958680164
  -30.6139961078673614736089803045615553856120912215505584878313
  -67.1665961078673632300706231035292148590581352839304752055991
  -38.3794561078673623910617607180029153824134506774015187639751
  -31.8968661078673605402400426100939512253041958349492081046302
  -42.4650681078673599699868645984679460525824679360425511045152
  -23.7609961078673634915503498632460832595999763541841927791313
  -83.3327961078673524752957746386528015137330982694143897378924
  -22.3057961078673621102552715456113219261333310701971199076280
  -41.3132941078673567858459136914461851120298639336485361088182
  -17.0753961078673590634480206063017249107486290041642818475260
  -46.3354361078673591123333608265966176987034754958673032009211
  -41.5746411078673574479580565821379423141784934410998513295380
   -7.7990961078673635142877174075692892074642259646351988597896
  -22.6662961078673639292446750914677977562117209237680395556185
  -25.8068961078673595466170809231698513031195458503669098499909
  -14.2380961078673600184174574678763747215375601103382893005111
  -22.3727961078673587280718493275344371795818666221480605884326
  -27.2045961078673599331523291766643524170121742806507500448060
  -48.2900461078673615133993735071271657944080365165004661723013
  -11.6648961078673600866295601008459925651635993090485793566766
  -19.9145961078673607858036120887845754623559395282648159979743
  -25.5856961078673599274679872905835509300419907601479086690227
  -47.3875761078673605197764118202030658722271977050087245529418
  -29.0782961078673594101928756572306156158660899205039598694866
  -43.2966961078673620022527757100760936737378640760525421293305
  -27.9739961078673609051747916964814066887107375933717017130256
  -37.6052261078673595307009236421436071396150303005319955495879
  -24.2929961078673599672583804931491613388240000185558411871385
  -21.5204961078673626673207763815298676490941799041260569440498
  -32.4402461078673596261978673283010721206903372350244267380750
  -59.7211961078673567726582405157387256622753215179057175387226
  -22.2849961078673608483313728356733918190166165700205592169633
  -16.3769961078673631504898366983979940414549030102551479220315
  -36.8252661078673639849512255750596523285182658701733284582574
   -3.3246961078673606948541419114917516708398449446831243307022
  -48.8841061078673604356481519062072038650871839003592471015826
   -8.3201961078673605243238853290677070617736908397015822913557
  -34.4566561078673601059563225135207176208749241278768902188987
  -32.5112361078673615111256367526948451996088464214894047858287
  -54.8793961078673575570974207948893308639929557313133354445139
  -91.8734961078673535439520492218434810639102714222906821830021
  -25.2706961078673586484910629224032163620180776940725905302299
  -42.5223511078673581664588709827512502670600490834443624488747
  -63.6119961078673554766282904893159866333475159637933296354179
  -51.2089061078673637439351296052336692810434817374009918877623
  -79.1866961078673625706869643181562423706636459462094245664113
  -29.7725961078673613258160912664607167244176254022088198172795
  -56.6037961078673603765309962909668684006153163703499341669470
  -56.7810961078673557267393334768712520599782395985676846582653
  -22.9997961078673611723388603422790765762498077377467890741455
  -15.9085961078673641111436154460534453392145686499089446980693
  -39.3480761078673566544239292852580547333052755882378271873393
  -21.0255961078673614395029289880767464637910819340296682243429
  -38.5685161078673601764421619009226560592934723892527478008958
  -55.6336961078673581937437120359390974045208536534313512271486
  -19.6777961078673584438547550234943628311301796176008942977025
  -58.2726961078673610927580739371478557587098042031762387397369
  -53.3292961078673570796127023641020059585963090851925794267467
  -81.6351961078673582505871308967471122742298979449081672950894
  -38.8482961078673625365809130016714334488200451266336684648791
  -33.5259761078673648171388776972889900207765841222003756682737
  -26.7553961078673623319446051027625799179273716043617566893505
  -32.5790161078673605743460939265787601471186618433688414942950
  -70.7816961078673614338185871019959449768586428024477612365108
  -31.2718961078673629572222125716507434845200452732589372282660
  -12.9163961078673636961866577621549367904757980629111131673386
  -59.7862961078673578185771475546061992645702912208321166213140
  -55.6992961078673616270862112287431955337933627861997349434589
  -18.5242961078673609165434754686430096626417833315173483566189
  -54.3284961078673589440768409986048936844271213064146679466653
  -12.1953961078673600582078506704419851303190183557692738713575
  -29.0354961078673596830412861891090869903777772260300753734963
   -9.8345961078673624911061779130250215530467761013546355879269
  -30.8775961078673617521417327225208282470929977748698564599029
  -33.7143961078673584097487037070095539093265272388538643731989
  -70.9092961078673624797374941408634185791536584231222393147079
  -12.7341961078673620022527757100760936737154102972419132781041
  -44.0687761078673574388631095644086599350299352171015314208149
  -25.5427961078673604333744151517748832702824377578306272468106
   -8.4680961078673604447430989239364862442078815307106364264987
  -85.3460961078673676638572942465543746948869211586497088187010
  -29.0433961078673625877399899763986468315337888894084325606749
  -23.3179961078673620988865877734497189521960864360608088572544
  -30.8244961078673611609701765701174736023175681381510885448019
  -14.3292961078673641850400599651038646698103321916412861739602
  -26.4655961078673627184798533562570810318187602554474640028096
  -21.2713961078673641225122992182150483131564968943493133002325
  -23.7694961078673614451872708741575479507620919739979315210303
  -76.1390961078673598194654914550483226776682428608446958122592
  -23.9613961078673618487755447858944535255608169442266332694348
  -22.8993961078673606834854581393301486969162378817262749752452
  -56.4006961078673612064449116587638854980883116872857766634361
  -30.2094961078673591714505164418369531631691670887599912265794
  -35.4971761078673608835742925293743610382340870187405887235936
  -53.9469961078673634347069310024380683899322121182303937607868
  -27.7742961078673609165434754686430096626485791582330397062743
  -15.0370961078673595068266877206042408943286744665797311799596
  -72.4968961078673572728803264908492565155561919948918427256623
  -81.1887961078673470183275640010833740234971481069842878686225
  -23.7007961078673616839296300895512104034597954074592430892358
  -35.1228261078673611450540192890912294388075424585466947717053
  -15.2052961078673618544598866719752550125233781185483613746586
  -11.3882961078673616839296300895512104034507496110876809548971
  -29.0318961078673609677025524433702230453704503624177860242932
  -28.7864961078673573524611128959804773330899966334717286532906
  -22.2461961078673624570001265965402126312419298611575517776731
  -58.5046961078673604106370476074516773224306777748571079709245
  -31.5268961078673584097487037070095539093249201176710995269966
  -62.7302961078673604333744151517748832703097588179376296322497
  -27.0858961078673630140656314324587583542069112924135984186150
  -68.0481961078673549536688369698822498322033142313177782799355
  -38.2327561078673596739463391713798046112341436805132277434930
  -18.5383961078673600297861412400379776954787077530613149773761
  -66.1193961078673595466170809231698513031491627978778620157190
  -68.2628961078673626161616994068026542664075735304659792512700
  -37.1833361078673618749235174618661403656279039384622027920122
  -73.7163961078673537485883571207523345947807207544923600853331
  -63.5728961078673577844710962381213903427591083314001314174625
  -59.5730961078673573183550615794956684112986502112098695511360
  -40.1235861078673607948985591065138578415211773742528310604970
  -28.8321961078673609790712362155318260193082919272791240175419
  -40.5090561078673587758203211706131696701347418228824632259922
  -26.8507961078673602628441585693508386612135745057124244667231
  -41.3810131078673606452866806648671627044981754044622506957085
  -79.9357961078673611154954414814710617066016962979708001750748
  -21.7025961078673610415989969624206423759619894713268599044524
  -21.4724961078673608483313728356733918190160196392955322740881
  -53.3656961078673575116226857062429189682398905151890606341049
  -45.8600061078673633119251462630927562713959972988177960539128
  -55.5660961078673594215615594293922185898235383637950289864035
  -17.6785961078673636848179739899933338165413084936595418533118
  -10.8466961078673627127955114701762795448382911593749276113316
  -22.4962961078673622239421092672273516655133538399932646863179
  -16.8584961078673600809452182147651910781984208230863485019233
  -51.5295561078673642896319506689906120300671548138157363672191
   -2.8969961078673591714505164418369531631491010328494701468535
  -65.5011961078673579095266177318990230560783961162480630531804
  -56.8298961078673556812645983882248401642263223261453847380009
  -34.8051861078673567817531875334680080414074067497806977738721
  -32.9593361078673581232578726485371589660886678208760319502348
  -12.6470961078673624911061779130250215530488424000181903901870
  -71.1896961078673626843738020397722721100376534910072209207440
  -29.3302961078673618544598866719752550125337555296142143815649
  -58.9861961078673573410924291238188743591741955876883085508162
  -24.8498961078673623603663145331665873527709423671833242713424
  -56.5990961078673606721167743671685457230030082298352786266946
  -24.8912961078673617976164678111672401428405528612246517976182
  -28.8395961078673614963463478488847613334867641608154965710017
  -17.2188961078673621329926390899345278740055703688138712236920
  -49.8524761078673606107258819974958896637329148775245632133076
  -75.3880961078673692554730223491787910461979645506837786079926
  -61.1168961078673618203538353554904460907431437913216192091028
  -11.1462961078673608028566377470269799232564800206921190832642
  -32.0882961078673645261005731299519538879630278817514443016196
  -40.9498801078673579922906355932354927063289133454585300279593
  -28.7336961078673596148291835561394691467496258109081515194649
  -29.9649961078673605641142785316333174705725519116545061967927
  -32.0638761078673582005649222992360591888663302532689148718092
  -18.1612961078673649240045051556080579757823857818615055530847
  -80.1128961078673569318198133260011672974221389105017568139497
  -24.8748961078673609392808430129662156105224255780325558685407
  -71.1384961078673541123862378299236297607944518126879946012461
  -53.9098961078673610813893901649862527847686106427051340672662
  -19.6163961078673629856439220020547509193564528673801814957562
  -25.2220961078673617805634421529248356819338134728066843055480
  -32.1513561078673575366337900049984455108878788984225460798909
  -85.7094961078673520660231588408350944519672662678041393192918
  -95.7984961078673507017811061814427375794160847443700431049569
  -76.0315961078673581141629256308078765869699216948179999385644
  -60.3799961078673561587493168190121650696244383402046686151530
  -72.5122961078673569090824457816779613495405783090249693899123
  -37.2164861078673609995348670054227113724028306369857838906383
  -38.8718161078673603014976833947002887726115663126506255508634
  -63.1291961078673580232134554535150527954565362583729690120333
  -28.7473961078673596603039186447858810425015890010785304353351
  -38.9837861078673597603483358398079872131634063877146640326735
  -62.4556961078673538168004597537219524384003773862196697522951
  -16.4563961078673628435353748500347137451292777504123074778235
  -36.5041361078673602946764731314033269882470338473602787298041
  -57.8272961078673617407730489503592252731748090061863285859280
  -25.3304961078673613883438520133495330810732974094239525152385
  -65.5973961078673539759620325639843940735345214803459062403269
  -69.7538961078673622751011862419545650482690205067641517701909
  -22.2328961078673614792933221906423568725749279023607605666899
  -51.5064861078673601468835840933024883270642081771565654453175
  -27.2268961078673612519196467474102973938188312891032646314071
  -49.0499761078673586212062218692153692245843760748892289082677
  -24.3281961078673596432508929865434765815913598638065592772256
  -24.6316961078673628549040586221963167190732722935162308822468
  -24.7376961078673609506495267851278185844603130606419728573952
  -46.2219361078673571796571195591241121292453842967367917434811
  -32.5376661078673592442100925836712121963740025579367124298250
  -23.4935961078673614110812195576727390289479244309408116028031
  -15.6475961078673613258160912664607167244072479911429668103732
  -41.1137061078673582414921838790178298950497368307944786606882
   -2.7447961078673657198123692069202661514302392139493481815653
  -45.6609761078673628276192175690084695816375502934173934536303
  -24.5751961078673595295640552649274468422116585182469674677761
  -14.8663961078673594329302432015538215637316252279011778271068
  -43.3446761078673574729691608808934688568433680761893874093496
  -22.5662961078673625081592035712674260139631122991211131616052
  -36.4789661078673645988601492717862129211693786366147723598559
  -46.5187561078673610381883918307721614837988250218825486659272
  -25.9363961078673597171473375055938959121894652106909295290113
  -81.7808961078673632982827257364988327026968018633624890533541
  -34.7253061078673610495570756029337644577281488444752329743038
  -19.1659961078673610757050482789054512977740907157204250204195
  -46.0423361078673565316421445459127426147799203162459119412322
  -68.0752961078673592965060379356145858765148575787533453356208
  -24.3345961078673589383924991125240921974360911282839625658578
  -60.6476961078673610927580739371478557587115490776032405727566
  -33.4192361078673627616808516904711723327882244520334964349082
  -62.2303961078673637530300766229629516602019696744213945962353
  -29.0482961078673582733244984410703182220672397549848819507606
   -5.5901961078673636507119226735085248947184624962154917655921
  -27.2575961078673607573819026583805680275163636095261210336853
  -25.0968961078673622466794768115505576133912410216237324618929
   -6.7174961078673618430912028998136520385791539867040429922064
  -26.9878961078673604845334921265020966530044467152596105516468
  -17.5743961078673613940281938994303345680365932677149445501548
  -40.2969361078673600218280625995248556137381016067189029621412
  -31.0914961078673606209576973924413323402633209393958820136331
   -8.0415961078673632300706231035292148590146970942477453625312
   -6.2677961078673618544598866719752550125168118805730650030321
  -28.4889961078673579208953015040606260299891921274908726346247
  -25.3290961078673610984424158232286572456545952089913955455239
  -25.3263961078673602855815261136740446090884311159696785323166
  -41.1367371078673613737919367849826812744442850013009747805542
  -38.2714161078673598126442811917513608932776291146454794871168
  -19.1671961078673618317225191276520490646503123004661881376906
  -58.7124961078673592851373541634529829025699905984359210146877
   -6.7426961078673599558896967209875583648731178132400684418482
  -59.1418961078673603992683638352900743484931576342323229469161
  -58.7297961078673580459508229978382587433292806522185892797609
  -28.7473961078673596603039186447858810425015890010785304353351
  -45.9723161078673570045793894678354263306001813736743840812226
  -75.2153961078673489737411728128790855408267439207622867124341
  -25.0988961078673611382328090257942676544373850691166709889379
  -31.1365961078673620932022458873689174652328364955178958179438
  -36.7916461078673577844710962381213903427394325763482818003857
  -47.8918761078673611564227030612528324127549119561344243531534
  -23.2342961078673617691947583807632327079943647867625814660969
  -14.4400961078673617521417327225208282470809214071250806155828
  -31.0493961078673592623999866191297769546736903998257760011949
  -42.0517801078673585379874566569924354553531603937242619524884
  -55.9993961078673621045709296595305204391890910773589110491104
  -52.2427961078673632755453581921756267547991241323099741716879
  -19.4069961078673607346445351140573620796346193370570176272248
  -47.8119961078673583187992335297167301178329782695789595483648
  -46.9295661078673589372556307353079319000588924624039619793407
  -63.3134961078673583756426523905247449875343083793785043545346
  -23.8546961078673618317225191276520490646537561315721128081241
  -33.4334761078673636802705004811286926269776880389332187539419
  -19.3239961078673587735465844161808490753315798426625687196195
  -28.4748961078673588076526357326656579971522677059469060138675
   -4.1203961078673643214642652310431003570586912514674676422229
  -45.0996361078673615452316880691796541214320597609180868383945
  -39.3343561078673573661035334225744009018233319146237688867467
  -30.7833961078673610245459713041782379150616785676399517971913
  -14.1681961078673595011423458345234394073590419590538377514456
  -58.9183961078673590350263111758977174759343996823651924576276
  -53.1589961078673596261978673283010721207055589685126137813910
  -24.1012961078673626502677507232874631881890935546389332937876
  -39.0522961078673631618585204705595970154095504709133983069957
  -17.9793961078673625308965711155906319618357189397224964425155
  -24.1726961078673596716726024169474840164362163235743387361793
  -72.5025961078673617521417327225208282471235789950904675333524
  -55.0675961078673594784049782902002334595131135300863509174935
  -30.1696961078673595579857646953314542770607394108380145224616
  -59.4532961078673594101928756572306156158884059460703517338957
  -66.7780961078673556130524957552552223206057014217084161633175
  -45.4262761078673591441656753886491060257291747380898072066253
  -56.1632961078673602628441585693508386612351099295614734058339
  -14.9525961078673610415989969624206423759570303545343283790281
  -42.8185271078673608258213789667934179306344854292036431644691
  -45.3551861078673610450096020940691232681607631344064322352599
  -20.0050961078673630311186570907011628151086915640390343852611
  -29.5904961078673593988241918850690126419284779443830168542668
  -58.5489961078673601946320559363812208176089329776069463628511
  -48.4179661078673575502762105315923690796254156535238144112760
  -26.1583961078673610245459713041782379150582806542821061223636
  -17.0015961078673605300082272151485085487490630657373501705922
  -23.3807961078673613997125357855111360550098532773390786315254
  -25.1528961078673596318822092143818736076539774764260112400346
  -97.7709961078673615020306897349655628205064010959994162142101
  -36.5411161078673600854926917236298322677880766409734621097704
  -55.0927961078673575912034721113741397858070773566223763671353
  -27.7842961078673624797374941408634185791219751769477323467197
  -55.3912961078673617976164678111672401428629607222872016532389
  -31.5900961078673603310562612023204565048449860809479570087648
  -26.5013961078673574434105830732733011245922240571335636476171
  -54.7495961078673616384548950009047985077306533380841249894383
  -37.5600361078673614656509016640484333038606025689134245140266
  -61.5046961078673604106370476074516773224328818267648997600019
  -29.9906961078673610643363645067438483238440551680325162801533
  -19.5401961078673593874555081129074096679831058688367235816701
  -42.2290051078673585038814053405076265335393257543407147524031
  -24.7625961078673633153357513947412371635618938542728075309818
  -19.7812961078673623660506564192473888397362126886417131173073
  -58.0995961078673559541130089201033115387389739043811591497319
  -49.1862561078673579118003544863313436508540074476205601960850
  -21.2510961078673581425846350612118840217746460427647372380664
  -31.8422961078673623092072375584393739700551323057450053732865
  -45.1269161078673590736798360012471675873134274593467683565807
  -49.9954961078673605356925691012293100357422972957758473404771
  -28.3556961078673595011423458345234394073694652878677697539577
  -21.0011961078673614622402965323999524116670405702408181844751
  -21.4108961078673623035228956723585724830784743827630256170882
  -74.2633961078673507927305763587355613709041695016235474527032
   -8.9348961078673596603039186447858810424870330749374888283029
  -59.8211961078673581937437120359390974045239301425526439327359
  -48.1283861078673567135410849004983901977892654037399949619009
  -62.4885961078673588531273708213120698929292101510722585392820
  -21.2354961078673589724985504290089011192477791129448167213729
  -27.4441961078673628549040586221963167190753385921797856845069
  -58.0730961078673573183550615794956684112975481852559736565973
  -29.9846961078673608369626890635117888450842851349287006964081
  -87.7362961078673606607480905950069427490878959502730434583069
  -51.6277961078673612860256980638951063156507230829188768534654
  -29.4737961078673613712908263551071286201693590036388037551208
  -27.1605961078673630026969476602971553802689778920561024341547
  -44.9913661078673570159480732399970293045374489666847346293991
  -19.5962961078673636450275807874277234077597584127323992912538
  -13.9319961078673628662727423943579196930033996767002976137245
  -55.4371961078673578526831988710910081863810608505313908647135
  -28.5927961078673611439171509118750691414089461220618822328947
  -25.1246961078673614053968776715919375419801286333380779985203
  -94.4534961078673518386494833976030349732139247194313831203558
  -16.4225961078673599047306197462603449821592822149691463548408
  -31.1558961078673632982827257364988327026596084874185026126722
  -43.9122261078673616907508403528481721878374373898261431557453
  -10.7796961078673625422652548877522349357684177167989869279169
  -20.8934961078673602230537653667852282524262387885273284583368
  -23.1103961078673592055565677583217620849779163375437896633245
  -22.8327961078673595807231322396546602249313256705239219967175
  -23.2970961078673610700207063928246498108081316280408512403679
  -20.6583961078673610245459713041782379150542398924511545090550
  -68.5626961078673531346794334240257740021255672262199645704259
  -23.3819961078673621557300066342577338218860748620848417487965
  -24.0245961078673602173694234807044267654595450168784907485928
  -63.9689961078673547945072641596198081970684813709703568578170
  -25.4546961078673632528079906478524208069034667821729350966761
  -21.8649961078673626957424858119338750839394037058784683678497
  -13.2179961078673606778011162532493472099401309717212431663163
   -7.7284961078673646284187270794063806533870256584469688271719
  -42.2837281078673612455531838349997997284246198647015647844419
  -44.5468561078673630504454195033758878708213020798135571244450
  -28.1242961078673587849152681883424520492760335632472820801006
  -52.7316961078673642759895301423966884613424520693025473076496
  -57.7739961078673616157175274565815925598568987537807668183835
  -61.6491961078673540441741351969540119171595504885984583931651
  -17.6338961078673648330550349783152341842780920595361157564981
  -12.3168961078673611098110995953902602195830236354965394395878
  -25.4239961078673601946320559363812208175845965711250786917877
  -19.2716961078673598706245684297755360603474105593159762169026
  -58.1729961078673625252122292295098304748962543926845031269990
  -19.3383961078673607403288770001381635666035630783617261216521
  -28.6573961078673598024124657968059182167263763951462966817672
  -49.2538761078673559268281678669154644012813032207005618215525
  -22.7482961078673611154954414814710617065596815584785191957861
  -52.2269961078673645715753082185983657837297765868032598025509
   -8.3672961078673608881217660382390022277893504433165346227115
   -2.7151961078673636507119226735085248947163502798038579677262
   -2.5101961078673653560144884977489709854144418570901588633921
  -33.8466861078673630913726810831576585769901986489461583018975
  -56.1841961078673577389963611494749784470017268469564310201102
  -77.7164961078673570682440185919404029846762376888378127329348
  -20.9268961078673640940905897878110408783112730925969018764325
  -41.4287951078673586380318738520145416260069995716316700633224
  -30.0653961078673610529676807345822453499061217676750202956930
  -20.8531961078673582221654214663431048393402716807633671205002
  -60.5924961078673618430912028998136520386187350855481372043888
  -23.3049961078673604220057313796132802963428054007942084249364
  -51.6671261078673609290490276180207729339979199467893880035579
  -54.3260961078673574320418993011116981506746781369231417121231
  -44.9860761078673618840184644795954227447840271114565372267876
  -25.1341961078673605811673041898757219314759852222107860052468
  -30.4221961078673643896763678640127182007059444497902536682587
  -60.3374961078673592851373541634529829025711844598859749004379
  -61.8703961078673643214642652310431003571011192506924595819637
  -33.4995261078673607357814034912735223770387717210593886343348
  -75.4791961078673523388715693727135658264714689803933785395593
  -28.5139961078673600525235087843611836433620132289651042344331
  -34.8877161078673623251233948394656181335705533207486811300623
  -57.6612961078673578185771475546061992645687300173974307707175
  -14.9586961078673610359146550763398408889880406954815408889951
  -31.0232961078673596944099699612706899643172259120741782129473
  -15.1521961078673648160020093200728297233692863724545934621677
  -29.9859961078673578072084637824445962906104091368928607372908
  -46.7958361078673590327525744214653968811378957756167523140930
  -63.5429961078673528618310228921473026276101605830994504223481
  -72.2012961078673640713532222434878349304729670098105283130399
  -10.7979961078673625252122292295098304748614487396406244578177
  -39.0510061078673587076082185376435518265057409294210779532540
  -16.6278961078673646056813595350831747055175873424630362430604
  -33.6323961078673647762116161175072193145999044947683847356415
  -28.8252961078673592965060379356145858764860212329597360951909
   -3.0301961078673618210643780912505462765715926915823011042352
  -43.6705461078673593533494567964226007461868692064044514475000
  -65.7994961078673554766282904893159866333491230849760944816202
  -68.6531961078673589327081572264432907104996571526191829603228
  -29.4193961078673602571598166832700371742464674743308757965270
  -71.0788961078673651172721292823553085327670642755234264791215
  -19.5591961078673612917100399499759078025961569372071395977333
  -14.1661961078673606095890136202797293663128979115608992244006
  -32.3275761078673582460396573878824710846184771144316097701025
  -43.1906361078673626252566464245319366455395439679707619974051
  -44.3818861078673592146515147760510444641439347852491476511455
  -16.5602961078673587280718493275344371795775962715767139970950
  -50.2634061078673610722944431472569704056155409999580528402752
  -46.2596561078673573774722171947360038757664081027661123790544
   -8.0552961078673632755453581921756267547666602844181242784014
  -53.3707961078673633892321959137916564941798356683273038844646
  -19.0388961078673624172097333939746022224566145248879315759412
  -18.7970961078673646227343851933255791664261634408041635593619
  -10.4769961078673610188616294180974364280777656404614907352798
  -16.1055961078673597342003631638363003730892251014008896890030
  -23.9856961078673620590961945708841085434136180001720863830808
  -15.5767961078673593533494567964226007461662291786429429227018
  -22.0449961078673624115253915078938007354898289177429358749855
  -22.6104961078673625252122292295098304748701271940275546273102
  -34.1048261078673604629329929593950510025274976752659840907772
  -44.9389761078673615202205837704241275787683675078415848954318
  -34.2229761078673604401956254150718450546516079156769526240537
  -21.2292961078673627639545884449034929275668663547792072877943
  -46.3082461078673617294043651781976222992283578635601789165955
  -17.0736961078673630254343152046203613281375437708265341017563
  -52.2856961078673592169252515304833650589373392440022555912899
   -3.2515961078673640827219060156494379043602990517849711399307
  -52.2968961078673544307093834504485130310442810662127113437861
  -59.1818961078673595466170809231698513031440659278410935034774
  -28.2604961078673611041267577093094587326257430022038958290286
  -47.6271961078673626843738020397722721100203424999814395773650
  -64.9133961078673564770724624395370483398914408315109297142547
  -69.7171961078673518841242184862494468689477044813624797763371
  -27.2211961078673638780855981167405843734941200701546398289372
  -27.9955961078673603026345517719164490699973745562954378134642
  -38.6590261078673620431800372898578643799112146667488058805437
  -21.5682961078673649524262145860120654106298595532697877615679
  -79.4221961078673643896763678640127182007419439642841862231902
  -20.7973961078673639235603332053869962692413537322728821974121
  -43.9668961078673632414393068756908178329790791174987428159209
  -21.4750961078673618942502798745408654213109434244738523610738
  -51.2550261078673585757314867805689573288340429647756543364027
  -30.1120961078673587962839519605040550232154822492913849195517
  -31.3578961078673614792933221906423568725816318935802939251337
  -67.6244961078673583187992335297167301178475341957200011553971
  -21.8855961078673608710687403799965977668922996997432352034608
  -51.8271061078673582755982351955026388168715726377807908450807
  -33.4490661078673596762200759258121252060182268364062995756641
  -28.8715961078673615247680572792887687683317583738275130167727
  -89.7306961078673595011423458345234394074145565164813434388337
  -60.3629961078673602514754747971892356873002071005771911313551
  -54.9620961078673602173694234807044267654822743021775935734539
  -41.8104701078673599567991914227604866028139206071356388746566
  -13.1920961078673606436950649367645382881261470996564392305122
  -60.5147961078673546353456913493573665619341076881037253917563
  -64.0045961078673570909813861362636089325421403382196626554012
  -30.9888961078673617066669976338744163513411264201956355352443
  -68.1071961078673524525584070943295955658459357026719648499498
  -59.4542961078673570796127023641020059586008090245043209961132
  -77.8409961078673546808204264380037784576987900944919860904276
  -17.6436961078673597569377307081595063209663316813140145392797
  -13.7107961078673632471236487617716193199258445864812964327564
   -7.0268961078673655151760613080114126205495961416741332547511
  -29.8753961078673597739907563664019107818823005370958601481118
  -53.1287961078673589554455247707664966583642281873067420102215
  -33.2721361078673609767974994610995054245239562237716177095391
  -23.4547961078673594670362945180386304855518998314528041609027
  -67.2234961078673620704648783430457115173833723999483263223467
  -53.9784961078673575229913694784045219421783290107754255702288
  -23.2854961078673632357549649896100163459948906838318077803746
  -72.7924961078673646852621459402143955231247685424731571487252
  -68.3346961078673587053344817832112312317396575307749723985487
  -27.2724961078673615588741085957735776901445483844422630668266
  -70.8954961078673591146070975810289382935091170344834634700059
  -62.2769961078673617294043651781976222992400898481943622938723
  -25.0499961078673614167655614437535405159180620336955739829806
  -53.4899961078673555903151282109320163727199623051564401391542
  -28.2047961078673594670362945180386304855553895803068078269420
  -12.9743961078673599729427223792299628257846785652063304725253
   -6.2970961078673610700207063928246498107956420005633644355957
  -78.0767961078673522479220991954207420349694711454719385232616
  -29.6369961078673611609701765701174736023166957009375876282921
  -21.8474961078673644010450516361743211746376330364090062503329
  -16.4433961078673611666545184561982750892759967151457070455056
  -27.1031961078673617748791002668440341949662013461962666836883
  -26.8534961078673610757050482789054512977797385987341414799304
   -9.3983961078673630140656314324587583541939165697072426621793
  -63.9277961078673584438547550234943628311626893832408231865948
  -64.2048961078673556812645983882248401642317406204187062194829
  -24.6021961078673605527455947594717144966306236672141375946295
  -70.7669961078673566134966677054762840271516007525934130532029
  -81.1760961078673517477000132203102111817002637764978782201900
  -50.6313861078673568272279226221144199371709871302150625780047
  -29.7356961078673620590961945708841085434178424329953539788126
  -51.3616661078673573115338513161987066269298244364741366409363
  -41.3872941078673619585970300249755382538145862690122616434158
  -34.0905261078673618158063618466258049011480926380352236175765
  -33.2795661078673603583411022555083036422973991824735093400824
  -34.3942061078673617657841532491147518158211673093630096877088
  -16.8769961078673595977761578978970646858339324616147798842676
  -13.2242961078673637587144185090437531471349598189802495313368
  -57.3197961078673614565559546463191509247247291228219271414003
  -74.6714961078673695737961679697036743164611099511514040762089
  -81.5909961078673546808204264380037784577015451593767258267744
  -42.5711181078673632782738422974944114685371356930274915466896
  -25.9332961078673633892321959137916564941596777769206248135271
  -59.0994961078673597398847050499171018600898061711320261558127
  -16.6338961078673612803413561778143048286560194849418518241955
  -16.6271961078673626843738020397722721099975672969342577568981
  -30.4644961078673617294043651781976222992167177144221535305302
  -73.1534961078673546808204264380037784576953462633860614199941
  -23.5231961078673599274679872905835509300404754744613018140320
  -79.7125961078673554993656580336391925812353213790088604618414
   -8.3094961078673605925359879620373249054016126660831111673581
   -5.7747961078673597512533888220787048339886176501262178841485
  -26.2681961078673609222278173547238111496164667913319313017687
  -31.8730961078673615816114761400967836380239049340112587017865
  -62.5324961078673595693544484674930572510225041224485092263217
  -42.7881671078673591068763926159590482712106349991983363103008
  -66.8828961078673529527804930694401264191165206040883950211948
  -30.1997961078673640145098033826798200607521677748254893700195
  -55.5591961078673577389963611494749784470012676694756410640524
  -43.3060861078673582369447103701531887054761522247350135148640
  -52.5436961078673618885659379884600639343647748862163256871134
  -25.4869961078673590293419692898169159889408440280901423185022
  -70.3722961078673563406482571735978126526395920228307445799528
   -9.0849961078673615588741085957735776901311863197512753455446
   -4.7334961078673600809452182147651910781895127799590233544019
  -24.1156961078673610643363645067438483238397388997130906932100
  -21.5600961078673627469015627866610884666601269663612397957241
  -58.0859961078673592282939353026449680328795889126791771626936
  -26.4196961078673595579857646953314542770579843459532747861148
  -10.6791961078673622864698700141161680221636075529350759027949
  -26.5902961078673598649402265436947345733837932767884312127458
  -22.0811961078673633096514095086604356765909297320526232299002
  -18.5847961078673620249901432543992996215956852017724888251796
  -41.8997823078673619079381751362234354019472870046272385700316
  -74.0174961078673590009202598594129085541315279053355054584223
  -16.1650961078673596205135254422202706337093860025970608927362
  -22.8406961078673624854218360269442200660873373339022791838961
   -7.5722961078673591828192002139985561370905241820609697973531
  -14.2597961078673627355328790144994854927167752717304223297817
  -25.1086961078673596148291835561394691467469625815195697743297
  -10.3810961078673607005384837975725531578140233092688383241884
  -33.0308961078673632982827257364988327026609860198608724808457
  -35.7661061078673583324416540563106536865497142848004428703315
  -66.2163961078673537485883571207523345947752106247228806126395
  -30.3418961078673596887256280751898884773477311577925217712507
  -15.7991961078673597285160212777554988861200058536077072209411
  -36.6533261078673575639186310581862926483423582986116532134686
  -31.7499961078673607062228256836533546447987168381646423113982
  -34.4636261078673626911950123030692338943734644048741559903879
  -10.8447961078673635881841619266197085380633874197253860105083
  -35.7722961078673620249901432543992996216083125824942126167691
  -27.2195961078673605015865177847445011139115993634102890041691
  -28.5079961078673598251498333411291241646022431958612886506879
  -12.0022961078673588986021059099584817886440718007948090056820
  -43.9611561078673602764865790959447622299517311504127592387861
  -61.5528961078673546580830588936805725098108469260322182771868
  -49.9391561078673618112588883377611637115845410599310190116153
  -44.9531861078673600218280625995248556137415224789507881347719
  -21.0535961078673636848179739899933338165437880520558076160239
  -26.0847961078673620249901432543992996216011953315419682978732
  -62.2833961078673610245459713041782379150848211126717655825045
  -59.1440961078673552719919825904071331024604444067870553237945
   -5.6962961078673615133993735071271657943767435711846306669622
  -67.2850961078673606152733555063605308533209176564808329793467
  -44.2599261078673578140296740457415580749836889331922562212512
  -29.0701961078673605243238853290677070617889355320638088324747
   -2.3820961078673619226719893049448728561418868065736961514761
  -56.1090961078673586825971142388880252838546990159403392996836
  -38.9713161078673593351595627609640359878826355074555673111578
  -21.2774961078673641168279573321342468261875072352965258101994
  -64.9752961078673649808479240164160728455067206834486271577503
  -82.4183961078673519295989535748958587647089889743928948001806
  -37.4828161078673645079106790944933891296662098991173179556109
  -24.1789961078673591998722258722409605980097072802083450985897
  -58.7014961078673564998098299838602542877628536106622591094147
  -69.5571961078673552947293501347303390503440713069273975500920
   -6.3117961078673658903426257893443107605026840504177126189036
  -61.8111961078673601832633721642196178436733413824014791542856
  -21.2737961078673620818335621152073144912876021732158395321645
  -82.2434961078673580914255580864846706390985089156666705434044
  -46.2033461078673610700207063928246498108249604827118031298863
  -28.2414961078673591998722258722409605980126919338334798129654
  -25.9176961078673642191461112815886735916328108471007042968336
  -51.1626061078673615156731102615594863891977445965332149661804
  -28.0275961078673603310562612023204565048423687693074542592353
  -39.4227061078673628458091116044670343399337483864524533589609
  -35.4377461078673618999346217606216669082901957002222953689987
  -11.8867961078673616270862112287431955337611744447963590238071
  -21.5603961078673620477275107987225055694738478898914305743893
  -20.1199961078673617009826557477936148643641470729771028098055
  -50.1461361078673633073776727542281150818239509373189772608823
  -31.1477961078673608597000566078349947929611162083533515730502
   -9.1135961078673659585547284223139286041326721754627962971661
  -64.9011961078673635938685038127005100250720959308665046995411
  -20.8705961078673638553482305724173784256134778236394323170154
  -28.4193961078673638098734954837709665298670706809866118694446
  -16.3473961078673610813893901649862527847410140761096577081924
  -39.4943461078673578867892501875758171081833127379620114232408
  -88.5347961078673506563063710927963256836587950954225006988163
   -2.6843961078673643783076840918511152267475776515376046392263
  -35.1162461078673615588741085957735776901503110618261770153519
  -33.1538761078673616111700539477169513702636154337954125576797
  -35.5147461078673600809452182147651910782121272708879286902486
  -25.3714961078673617578260746086016297340579466720916923366273
  -67.1334961078673586598597466945648193359868219033910925661687
  -58.1479961078673568408703431487083435059020954005852715245805
  -32.0476361078673619431356200948357582092520605095012540283406
  -17.4747961078673590407106530619785189628729458744416058610285
  -22.6739961078673601946320559363812208175825761902096028851334
  -54.7204961078673619567780406214296817779943038337806194093181
  -56.6868961078673549991435720585286617279469203913377799955537
  -21.8454961078673619567780406214296817779701510982910677206778
  -23.6945961078673619226719893049448728561575447586686336530471
  -19.4370961078673580857412162004038691520833719197944924695624
  -19.6159961078673639178759913193061947822714916360065937908692
  -33.8833261078673615429579513147473335266362216615167921311438
  -44.7911261078673561542018433101475238800377901348167292194844
   -4.6563961078673656857063178904354572296176787920749931095404
  -25.9496961078673606948541419114917516708564671694877207399946
   -4.1325961078673643100955814588814973831207119333618926621568
  -51.2899461078673581937437120359390974045176623699398610325469
  -30.4892961078673607744349283166229724884257203095845912752850
  -15.4926961078673599558896967209875583648795462979711278266574
  -10.4471961078673594158772175433114171028213960906292066689972
  -99.8312961078673595238797133788466453552979538278812906871022
  -56.8413961078673608540157147217541933060109987437610312769927
  -40.2845761078673589850041025783866643905935612760250428592085
  -44.0453461078673598194654914550483226776446640972061315686912
  -72.0244961078673640031411196105182170868449074301847624502202
  -62.5026961078673579663700365927070379257661345726162251600392
  -16.9888961078673617066669976338744163513308408446259405195495
  -46.4727561078673616634659992996603250503881466951699625256207
  -63.7857961078673554311535554006695747375956905268671877063651
  -30.9206961078673607801192702027037739753950313928739317345585
  -44.0191861078673625229384924750775098800982581591234956262766
  -19.8396961078673648160020093200728297233727302035605181326012
  -32.1292061078673611973499646410346031189200891876726268865377
  -25.3884961078673612178135954309254884720035158023441698230354
  -35.1355061078673571728359092958271503448744463055894250354155
   -2.5196961078673609790712362155318260192889605553378668675086
  -46.7116061078673610040823405142873525619850018619360212147434
  -40.2482961078673611154954414814710617065725385279406379654045
  -79.5696961078673581369002931751310825348484976426696526482261
  -61.9348961078673596603039186447858810425259713253084771020043
  -52.7722961078673620249901432543992996216208022099716994215413
  -35.1246461078673632982827257364988327026625242644215188336393
  -42.7840681078673625847841321956366300583200069877287463000081
  -29.7493961078673621045709296595305204391698056231657328946828
   -9.1768961078673640940905897878110408783026405559580507025459
  -18.9663961078673608540157147217541933059831725884251599398900
  -29.0721961078673629685908963438123464584564174701817473621298
  -28.7749961078673592851373541634529829025479959971060821195190
  -31.5455961078673610131772875320166349411242502625113247643946
  -24.8261961078673607516975607722997665405455831582982527150268
  -54.2510961078673616952983138617128133774202285043754469205283
  -30.2872961078673625934243318624794483185036969034227999628235
  -76.2931961078673595011423458345234394074046842006443593835910
  -91.4055961078673533393157413229346275330261386011614635901486
  -22.2415961078673625195278873434290289879008620284862931636424
  -24.0566961078673600127331155817955732345757795377339041205856
  -56.0064961078673633210200932808220386505538423873650928239049
  -26.1630961078673607289601932279765605926705887947967616626160
  -31.9770161078673602617072901921346783638235418292443446083904
  -65.1651961078673593874555081129074096680166258249343903738895
  -26.6563961078673585802789602894335985183911660581487995575547
  -22.5352961078673601491573208477348089218305211645430659780516
  -15.7438961078673642646208463702350854873772894443342069289617
  -16.8253961078673590634480206063017249107484453331719658651029
  -36.3880461078673604902178340125828981399803469953982868803497
  -71.0712961078673686188267311081290245056674493169252600758284
  -14.6738961078673604276900732656940817833054584106120945213718
  -28.2677961078673618544598866719752550125329749278968714562666
   -5.8179961078673585461729089729487895965618915759736900850259
  -43.0307961078673599786270642653107643127757546610851148489386
  -22.9805961078673597342003631638363003730942760536895792056388
  -19.0408961078673613087630656082183122635027585723808701029862
  -11.8427961078673646966308297123759984970179780562017114131557
  -26.2576961078673605243238853290677070617868692334002540302146
  -26.0163961078673580118447716813534498214912817979084706421339
  -23.4291961078673622864698700141161680221729747735431910063740
  -19.4784961078673610757050482789054512977743203044608199984484
  -26.1898961078673622182577673811465501785470733280771379370259
  -51.4289661078673603356037347111850976944347566932052681056264
  -34.6426061078673583892850729171186685562388302736109748453638
  -36.0524161078673586189324851147830486297872293196676828262522
  -42.7658911078673611427802825346589088440255600396282369884987
  -70.9062961078673623660506564192473888397737734065703315228353
  -66.4705961078673652764337020926177501678955145688878675120366
  -11.6985961078673597057786537334322929382410166460233435508274
  -84.2189961078673547945072641596198081970833587213479514340897
  -48.5783861078673595557120279408991336822866663240261637323506
  -49.8495761078673638166947057470679283142456080594410523502668
  -66.5211961078673539304872974753379821777832470563967122585434
  -54.3861961078673630254343152046203613281649566664296944784070
  -20.5572961078673621670986904064193367958219878815268619266025
  -30.0606961078673613485534588107839226722938136271603647554406
  -61.2586961078673652991710696369409561157676620320084608368891
