  -15.9950470752574922528310708003118634224055501327988135839611
   -8.0638139671493824778281123144552111625730630267277912238753
  -14.4878004536358702125653508119285106659041986422431809623270
   -7.1832734266088422714346961583942174911551797795833690935970
   -7.3517193725547880234216790995560586452538142763070430783682
  -14.9507903185007346991142185288481414318194557856623288513893
   -7.6288139671493819804481972823850810527857561345136614140936
  -12.2873072103926261888773296959698200225920351001328965578702
  -11.4606129536358700704568036599084734916771211004899748100566
   -7.8864659941764099215788519359193742275295977710775665282720
  -16.3200301833655991856630862457677721977353787364286221767354
  -10.8427717374196532773567014373838901519855050730778702260987
   -7.3655538320142479591368100955151021480614416277626313753130
   -7.3646754536358685072627849876880645752007232089946178318834
   -8.5070065347169503411350888200104236602845702738274800369868
   -7.8145065347169495595380794839002192020473671692412647651006
  -11.8240876157980316918383323354646563530055131394974989728340
  -13.5644727509331666226444212952628731727699753663066279944299
  -13.0041180212034372942753179813735187053775959092320943403381
   -6.8155369401223548919688255409710109233906273829193340296064
  -13.3010436968791125877942249644547700882055728448285761197218
   -3.9701146428250577713470192975364625453978142405217235619529
  -11.5438511293115446676438295980915427208031588167432745029525
   -9.4904676833655994272476164042018353939126121429052860900824
   -7.1390673455277608994151705701369792223029134153655048416264
  -12.2779068725547872986680886242538690567106805376053814324877
  -12.8193207239061397473278702818788588047121769384952067153095
  -11.2622632914737064169230507104657590389334451027353753521767
   -9.0076366022845171244171069702133536338872330005876534462666
   -8.7644389671493829752080273465253412723605650693712567649815
  -11.8399119401223558156743820291012525558558665622499044870336
   -9.4601923455277603380864093196578323841164473219749125800214
  -14.0528849130953279455980009515769779682262668120800620692040
  -15.1936450482304650222431519068777561187855765899516212085345
   -7.7731213995818144724125886568799614906368143033084151599374
   -8.6018713995818139039784000487998127937380091101479426412524
   -9.4927818725547883360604828340001404285500650149779852310651
   -7.9653004536358693599140678998082876205502855723036569802813
  -12.3273105887710041628224644227884709835143057009112075514633
  -15.5961112644466801668841071659699082374687336035538455724238
   -7.7356382914737071843092053313739597797450631322572699466887
   -8.8226822103926263451967315631918609142368285628733855155743
   -7.5773950482304641695918689947575330734308599594207148033877
  -13.3352666698520856414234003750607371330359202535231999157533
  -12.6651315347169504121893623960204422474000519394196756146916
   -7.4495909941764093531446633278392255306298627435184943485699
  -10.5941355887710049188399352715350687503892530681477785406739
   -7.1890166698520854282605796470306813716941244287396114877243
  -10.8113241022845176786404408630914986133654868518169651808610
  -12.5652666698520860677490418311208486557099150937418666902033
  -14.9888139671493831883708480745553970337024182913399439375177
  -10.2679001157980316349949134746566414833144284272380800612040
   -6.8959761293115446889601116708945482969334721248333819157488
  -12.8222768049872204443317968980409204959963587977805888296844
   -6.6885436968791118772514892043545842170764471689568183841082
   -9.4227953860683015818722196854650974273750868392157985025998
  -10.8373393049872213111939345253631472587665069413318480088773
   -9.2418494401223547640711331041529774665900417917550087179244
  -10.5746658252574903258391714189201593399125541937121398017389
   -8.9872565347169501848156869527883827686375842386162190391068
  -12.8621078860683013544985442422330379486178480219748375516232
   -9.2175301833655982619575297576375305652686127919744251154159
   -8.4394389671493819093939237063750624656739249298937459870484
  -14.6355369401223569525427592452615499496567485881214779613154
  -11.7060200482304637148445181082934141159143619440233170947802
  -15.5231889671493838989135838346555829048270784662110193504692
   -9.8642548455277605512492300476878881454540244536537432867694
   -7.2875808590412738396935310447588562965446607094568522815744
  -11.6627548455277612049485469469800591468896719546474644648016
   -5.9585774806628952759979256370570510625883010111984100821745
   -5.9152835617439762927460833452641963958783693015064637400360
  -11.2615588995818143303040415048599243164145236867924442995696
   -7.2254186968791120904143099323846399784141218758503169565185
   -7.7123443725547877747317215835209935903605855693697088828308
   -6.3512970752574906541099153400864452123688629734889745608147
   -9.9893612644466802663600901723839342594220118751466750346936
   -4.8145572103926257412354061671067029237782564162828295269319
  -13.3729524806628958799592510331422090530493756750592713313319
   -8.8404355887710046602023794548586010932987312544333803869822
   -6.4894727509331664450087373552378267049837105826928356917251
   -7.7728680212034362284612143412232398986873512265303824073513
  -18.1842869401223552472401934210211038589611136103574033305588
  -12.8048274806628956667964303051121532917116780092917332611188
  -13.2979186968791118772514892043545842170813029708161721694195
   -8.5289491022845176360078767174854874610963539728051164192978
   -8.6986112644466793142328242538496851921145450271258476167435
  -13.5439997779601934979609723086468875408272113017040815773794
   -4.6911112644466790300157299498096108436618937498690224182921
   -7.8623781563385719550751673523336648941097802694417528396007
  -12.5222768049872215101459005381911993026825397597773096515597
   -8.9072092374196536468389240326359868049687021869626118114548
   -8.1109423455277607217794866301119327545225605418168832231657
   -9.1852126157980311660367078729905188083716163925256076199805
   -7.8793038320142469999041168193798512220440578411830907184878
   -9.1631822103926250377980977646075189113684263790149198826740
   -6.8417362644466788168529092217795550823261935061429206569303
   -8.7355707239061395341650495538488030433718963993982251422712
  -17.2707903185007332069744734326377511024601983384085211671796
   -8.8489659941764102768502198159694671630924386934604830608620
  -11.7313713995818140745086566312238574028101325223797541093503
   -9.0296703860683020792521347175352275371617853212678816206049
  -12.7387126157980308249761947081424295902345786545103869938922
   -6.9618882914737065803478799352888017892888672291298019806454
  -10.7936453860683023719957418506965041160662795276100639611992
  -10.9038916698520846892961344565264880657276154065999308279977
   -6.8461957239061392854750920378137379884770146535300471049258
   -5.8278004536358682940999642596580088138623138181318553297806
   -9.2613646428250575581841985695064067840644213636365913297816
   -7.2192193725547877392045847955159842968040098994311156074751
   -6.3879862644466793852870978298597037792252742057918671492500
   -7.6069220752574899790943163679912686348017312618291315820389
  -11.4479524806628951694165152730420231819236938302934382661519
   -4.9755031563385720971837145043537020683325128442829840326741
  -13.4427497779601932137438780046068131923774298837021936042893
   -8.7455031563385716708580730482935905456607220559721090473016
   -8.0722092374196527941876411205157637596189676320982764295351
   -8.6740673455277601533452980220317840576235601982270749731562
   -6.9354186968791120548871731443796306848576954385929804168816
  -10.2841855887710043049310115748085081577376581653515051852147
   -4.1178004536358683296271010476630181074172708874506640100326
  -14.8428004536358706388909922679886221885790200019272696576810
  -14.0069389671493826909909330424852669239147096188301229161855
   -6.4602497779601932847981515806168317794847267106993082152637
  -12.4238477509331666226444212952628731727691373674041863246244
   -6.7757058590412739818020781967788934707691381587250853076675
   -9.9197801833655994130367616889998316764904422003543407108881
  -13.9829862644466800247755600139498710632426949508509266957342
   -6.4518882914737067935107006633188575506257728137429773766589
   -8.6648612644466798116127392859198153019015075362293849594818
   -8.6356045076899228263300756225362420082155729558217031159654
   -8.9650791698520855277365626534447073936528267343242723059268
   -4.8985099130953280166522745275869965553319679973314315828776
   -6.8574457239061388236223137937486171722462489929434513237955
   -4.1248612644466788879071827977895736694366242194464267179993
   -7.6527835617439770032888191053643822670039133930280598183987
   -6.7239153185007332069744734326377511024524497184201906587042
   -7.2252835617439767901259983773343265056663190421936994882985
   -6.5211450482304629261420814145822077989626156877594297767365
   -7.8737801833655982619575297576375305652676255603907267098916
  -10.6388206225547872207926047849468886852342566006507655026506
   -8.9769119401223562704217329155653715133732944120459018566582
   -8.4832903185007335622458413126878440380158760920911143852679
  -16.0914322103926252793826279230415821075557674297874727037434
   -9.0831349130953284998213348444551229476995443273613126550220
   -6.5710436968791121614685835083946585655260678748404298725782
  -16.8603173455277612902136752381920814514284026298704618184365
  -13.8870741022845187728762539336457848548991186263479287134166
   -8.5326484266088424845975168864242732524934514172018946088824
   -7.6976484266088416319462339743040502071437168623375592269627
   -8.9177835617439775717230077134445309639042568307491786898773
   -7.9011957239061390012579977337736636400280827138676205505425
   -6.6452497779601928939996469125617295503665154592648720419697
   -4.0781213995818150763739140529651194810897270874482349401674
   -8.6251146428250571318585571134462952613893933740861471542016
  -10.1204119401223557872526725986972451210096325700397551599065
  -13.9243376157980307539219211321324110031230229563789455404816
   -5.1199457239061390012579977337736636400260393740781052460853
   -4.5496078860683013544985442422330379486117409614803311360545
  -10.9933511293115451223911804845556616783222856232181947099909
  -14.6053511293115452218671634909696877002823367626526760241133
   -9.9011872779601937111237930366769433021618152591947973186532
  -10.3983646428250580129315494559705257415847879493096444181761
  -11.5006011293115442128964787116274237632835957916616038376592
   -8.6108578860683024913669214583933353424135528217505042713533
   -7.5568882914737063316579224192537367343958107137477640186298
   -9.6719879536358686067387679941020905971598158154379501127350
   -9.8565521428250590929565078113228082656932766071015476060630
  -11.7873713995818150124250678345561027526942068678070328901022
  -11.7992463995818148703165206825360655784693620765541678991629
   -7.9952666698520857835319475270807743072568505567523305312998
   -6.0366349130953285140321895596571266651197914642114500932243
  -17.0945741022845183465506124775856733322269145783043427675920
   -8.3055369401223551051316462690010666847290023354710372850048
   -7.6503511293115442626344702148344367742594658051776953923973
   -9.7713325482304629332475087721832096576762462241940317852291
  -11.9543578860683012976551253814250230789272397063517382194031
   -6.7940335617439764348546304972842335701038684206694544183577
  -10.6822599130953292956291988957673311233598988663636618371761
   -8.0982565347169490621581644518300890922605883311300434047854
   -9.3497058590412738254826763295568525791236903680744706625811
   -8.0884254536358692888597943237982690334379492724548726015725
   -7.4235268049872207285488912020809948444420994539515251894659
   -7.2333747779601935690152458846569061279350017444930453911160
  -12.3290842374196536468389240326359868049712161836699368208712
  -16.8959423455277608638880337821319699287538682561118668456186
   -8.0406889671493821936110180104151368141233390059110019952923
  -10.3618663320142481154562119627371430397109818377107865037645
   -7.3549626157980316776274776202626526355797443934408623130367
  -12.4742700482304638143205011147074401378723238259202041088396
   -7.6396585617439765059089040732942521572169164456134632289561
   -6.0411112644466795629227817698847502470060862568212787237684
   -4.0231382914737068290378374513238668441802018289588776074444
  -16.2419051833655991856630862457677721977353213392435234322281
   -9.3869626157980317060491870506666600704262079743914066181927
   -7.8205369401223556735658348770812153816280600762459442795215
   -6.3575977509331664805358741432428359985398270751506390110230
   -6.2772599130953281587608216796070337295578344584790542260455
   -8.4883747779601925742554158205166459083619491634994716221493
   -8.9139322103926250662198071950115263462132139621605808482191
  -11.7832548455277610344182903645560145378199362653157607682042
   -6.7310943725547875970960376434959471225787977661936186516896
  -10.0726788320142475186003139242529869079663846106654249906581
  -12.1665116022845190002499293768778443336576201816610620435521
  -12.1217227509331664236924552824348211288541204791349724597199
   -6.6750470752574901922571370960213243961383269016427737577133
   -7.9673274806628953115250624250620603561459901865279190009704
  -14.0241855887710045180938323028385639190776861568340522824212
   -8.0150470752574900501485899440012872219144578625365874233968
   -6.6971416698520851440434853429906070232440560248122297920980
   -9.7895099130953280308631292427890002727580466881876014630140
   -9.0187565347169496021706436295062303543157079670987508524641
  -15.8316349130953284429779159836471080780145609358778902845099
  -12.4731889671493831883708480745553970337005701019797643643851
   -8.1962632914737056921694602351635694503844396319981121432071
   -8.4207227509331659121016855351626873016419287575147266555522
  -12.0694288320142479875585195259191095829098681924435527426161
   -5.4685605887710044825666955148335546255151870973932685739199
   -7.4807058590412740528563517727889120578820828687359163781529
  -13.3406551833655981909032561816275119781592152280026964554770
  -12.9423274806628967326105339452624320983981803955250070522345
   -6.8517531563385709603153372881934046745350631700803154799244
   -8.8726146428250576292384721455164253711765625130560399771659
   -8.7827666698520854282605796470306813716952953313156258756717
   -8.6400470752574900501485899440012872219149170400173773794546
  -10.2607007914737060616516828304156661033705754817599094473330
   -8.8811450482304632458863125066272914409702699520831426510457
   -9.4801315347169499148094473639503121376107246662900699982556
   -7.9099457239061390367851345217786729335843025212586016099535
  -14.0348105887710037364968229667283594608409996269137257111000
   -6.2752328860683013189714074542280286550567953715985422047040
   -6.5381382914737065092936063592787832021761291489853263903861
   -5.9773781563385712800595683802384883165403411909409403316345
  -13.2103511293115438718359655467793345451452034800780528412004
  -13.7395741022845179202249710215255618095498891667124622831605
   -9.1359220752574898938291880767792463302679424842431361304760
   -9.0957497779601936827020836062729358673162528140503033022606
   -8.0273274806628958089049774571321904659330215722535748371173
   -8.5479862644466795273956449818797409534517146387904772374902
  -13.4447430212034362284612143412232398986915182621685512585758
  -11.1433984266088419445850377087481319904409261339996504129303
   -7.7292193725547875260417640674859285354671043148179402114617
   -7.4711281563385716353309362602885812521035724141825283268736
   -7.7546923455277614323222223902121186256465663887778329487348
   -7.5432396428250578779284296615514904260690794948981497408136
  -13.1957565347169492042667116038501262664891868982883662864972
   -5.9026484266088417030005075503140687942548248624252304732169
  -16.9124626157980308960304682841524481773500717995396023204984
   -7.8890166698520847177178438869304955005703711293930962379870
  -14.4348950482304640985375954187475144863234712969274422012017
  -11.3817852509331665089575835736468434333884889682904652308057
   -6.7584930212034359797712568251881748437931123291353103084868
  -17.0457058590412735554764367407187819481021228162144258652960
   -9.4118105887710044044069945812225341796944147063613185646223
  -13.6782396428250585529440286336466670036416409802683339499729
  -14.3342531563385726656179031124338507652388026303803328351013
   -7.5789828860683012834442706662230193615015398369172200530144
   -5.3613139671493819093939237063750624656716634808008554534637
  -18.5011788320142471775398007594048976898329284570003660218206
   -8.9662599130953282156042405404150485992497514299224049330304
   -6.0248612644466792431785506778396666050001539080505281846760
   -6.2110605887710033101711815106682479381606910963341970408552
  -20.0644896428250589792696700897067785263208934026420457212848
  -13.6547092374196523678619996644556522369485084584816923167302
   -7.5916011293115452929214370669797062873896106307757511372848
  -10.6662867712034366007856078795157372951585931858398750854957
   -4.4829693725547876681503112195059657096895728626077171798019
  -12.9303342374196539310560183366760611534213649436564567588076
   -9.2891213995818144866234433720819652080604134357683192773617
   -8.7537463995818143303040415048599243164126812371507746008877
   -9.2607784941764101915850915247574448585578291361275755628458
  -19.5521585617439797033512149937450885772848724699598197937668
   -8.2625132914737058342780073871836066246093418204360758786536
  -10.9571011293115443407941711484454572200855646549868088919654
  -13.0712801833655980487947090296074748039341638068834759843117
   -7.3644220752574902633114106720313429832512601322165850792972
   -5.3506551833655979777404354535974562168160648296507776570775
  -11.0889322103926257767625429551117122173390794779187298958222
   -6.6843038320142467156870225153397768735934728625898203222965
  -16.9821923455277605796709394780918955803042245913542158593458
  -11.0167126157980312939344003098085522651753301302778145073062
   -9.9048680212034359016115558915771543979717544868153531052155
   -8.9403342374196519415363582083955407142704843358690936778730
   -8.3741180212034365126783086452633142471374999865169023452877
  -16.7413477509331656278845912311226129531983347560664833403408
   -6.5859761293115441915801966388244181871462570681154100971787
   -8.1537295076899223289501605904661118984282316252965140594795
   -8.8230707239061398894364174338988959789340944733080357363803
  -11.5470909941764094952532104798592627048577266267075533005893
  -10.1864119401223547356494236737489700317457650435567265784936
   -9.1105656563385721824488427955657243728704629177886384610108
   -6.5698950482304638853747746907174587249804127340716813940137
   -8.5313477509331665515901477192528545856538508522413264782442
  -12.2063967374196522541751619428396224975675615940054577514739
   -7.6041349130953284074507791956420987844523029446145213029389
  -11.1589338995818145860994263784959912300191846179750985889729
   -5.2530031563385710668967476522084325552025287308032047724069
   -8.7380876157980313934103833162225782871310535219558504855838
  -14.9125132914737079659062146674841642379870302032066810126747
  -10.0498207239061390083634250913746654987409039499923302614833
   -8.9547886293115439571010938379913568496769890959041021094611
  -10.7399578860683018177724079578183591365893113733269641035667
   -7.5804862644466801668841071659699082374628446523627143859825
  -17.6432903185007319279975490644574165344367903675620719800504
   -7.3346754536358691467512471717782318592125419887880399144624
  -10.5454014671493823129821976181119680404740561311573669758799
   -6.4511619401223549985502359049860388040589998191667834853030
  -11.3937362644466801953058165963739156723106168891335100659032
  -10.5895479198520856556342550902627408504563883695359675203084
   -4.8842193725547877747317215835209935903585077912691343316693
   -7.3955707239061396762735967058688402175957654385044114765877
   -7.9260774806628955246878831530921161174832401542516868640272
   -5.9718882914737063671850592072587460279508596185627306900933
   -7.3459930212034363350426247052382677793556777450297528674421
   -8.1621754536358679388285963796079158783018950569601058153955
  -11.7239068725547888050186884356662631034937207883114092165448
   -5.5372261293115441205259230628143996000330598104901445508615
   -6.9307565347169504121893623960204422473958389860334277678613
   -7.8887126157980311802475625881925225257931492263219569351446
  -11.5714626157980315923623493290506303310479300790222636725224
   -8.4786788320142481012453572475351393222871129384809182871563
  -10.8804355887710038075510965427383780479511089159806788029284
   -8.2921416698520857835319475270807743072570686660557057604273
   -9.9190386293115437865708372555673122406078732961714648535418
   -7.6703511293115447244872484588995575904902544246383306713305
   -7.2020234266088412056205925182439386844687921877202927914957
   -9.0465757914737068290378374513238668441838924679607268792589
  -13.6548443725547876681503112195059657096963112921383097849501
   -7.3311619401223548919688255409710109233910062043409857433540
   -6.3331889671493826199366594664752483367966450799084838356556
   -9.7872886293115453071322917821817100048137091187460143319219
   -4.1284085617439760795832626172341406345397762396513852555101
  -11.8242548455277614039005129598081111908045855279835005895931
   -4.9722430212034360863526671892032027244604401366139626141519
   -9.3871855887710040633464814163744449615547481772685754401031
   -9.0585673455277611054725639405660331249303612389007569548225
  -12.8369727509331674752957042073830962181185619774689884862050
  -19.0859761293115468561154557392001152038714440356999592202923
   -7.8355031563385715287495258962735533714351999779350788711770
  -10.7496340685007343296319959335960447788317501228880808849907
  -14.3120741022845177070621502934955060482130294998473658827528
  -12.2169575482304644253872538683935999870390048997388628843795
  -16.9429355887710038075510965427383780479555629375443413766891
   -8.5959592374196525099705468164756894111696453915771784125027
  -13.1282565347169501990265416679903864860631119164954409719738
  -13.1582058590412742660191725008189678192235343104089123391385
   -7.4519051833655982619575297576375305652673156155911934895526
   -6.2540673455277611125779912981670349836395434934902062640051
  -10.2134389671493828188886254793033003807142907592552201989910
   -7.1184254536358686493713321397081017494253958086921865893010
  -10.0817565347169502132373963831923902034833590533455784101761
  -12.9643882914737069711463846033439040184116243376240587189117
   -6.8907565347169494884838059078902006149342617471121572099949
  -13.4101653185007343438428506487980484962561901241096816094458
  -12.5751315347169505542979095480404794216248393334874418611237
  -17.3565335617439764348546304972842335701116285200948046757345
  -10.1290166698520849308806646149605512619092970949217474406547
   -9.2299761293115452076563087757676839828559022092488939280321
   -8.0862970752574909738541464321315288543760580603318974790660
   -9.0700166698520856556342550902627408504552719942857969396429
  -15.5231720752574915422883350402116775512809358756758171666154
   -8.8492193725547885208015941316261887550419017702385158134481
   -5.7486281563385714932223891082685440778774534054204712078739
  -13.6658409941764098505245783599093556404214170274299312518862
  -12.9754693725547873839332169154658913612461051349666911025065
   -6.6959085617439768611802719533443450927783568766799703955698
  -12.7439153185007327806488319765776395797823119690401595151397
   -5.6268376157980304341776900400873273611110065059877280836233
   -8.4714491022845166412480466533452272415223371191018837426097
   -5.2280538320142468933227064553648233413734698735908297248123
   -8.7826146428250577713470192975364625454013499071238062235980
   -9.2618038320142481722996308235451579094001150456768481021490
  -15.5447261293115452929214370669797062873954536642188033281203
   -5.7178511293115450442314795509446412324947403643445928488408
  -11.0108545076899240200418716995045542717060875451696972658445
   -7.8814659941764091399818425998091697692928997617202202080493
   -4.9972261293115440849987862748093903064764497022404920288014
  -17.9833747779601935690152458846569061279428995971626326353102
   -8.4727835617439772875059134094044566154542228651328562409553
   -7.5056551833655991146088126697577536106164761986045414264000
   -8.7736450482304633169405860826373100280826177313689467786559
   -5.9872936968791128364841824804898351430936932022921220541161
   -8.0373443725547879523674055235460400581418912361909696601114
   -7.1599457239061390367851345217786729335837515082816536626841
   -7.5819220752574905120013681880664080381449135783236499841881
  -16.4281382914737079659062146674841642379881437085975966561148
   -7.6143376157980302565420061000622808933313997958453901437566
   -7.4349457239061393920565024018287658691460873354357012436105
  -13.0939491022845189149848010856658220291233894457498062592836
   -8.6697599130953282298150952556170523166720189476880181778870
   -9.5629491022845183323397577623836696147988958625918353231114
  -12.6794727509331668358072420232929289341066054444313294168086
   -8.2584085617439768611802719533443450927795048203819452857143
   -6.1068545076899223289501605904661118984267278190469269533902
  -15.8129018049872200890604290179908275604364221729636687691599
  -17.2811281563385712445324315922334790229924324959522574768697
   -7.5703173455277603665081187500618398189600295642334999109147
   -9.4997143049872203590666686068288981914590056549999613442228
   -6.1352666698520845756092967349104583263442291617569996211844
   -5.4905031563385717774394834123086184263269707963709049562309
   -8.4708409941764095663074840558692812919678933129596051369250
   -8.4293882914737068290378374513238668441834390301984467976519
   -7.3246078860683017097699121222831308841759134985575385412121
  -13.4493545076899234658185378066264092922309503610912473579924
   -8.8922936968791113088173005962744355201786521662540837687504
  -14.1631382914737073974720260594040155410870655869072138549437
   -8.1421247779601930716353308525867760181486820838626139868587
  -15.0614322103926259188710901071317493915668515256116308566300
  -10.0250403185007339601497733383439481258465986348507270491636
   -6.6982903185007334201372941606678068637897111655809782706624
  -14.7356213995818166040407959371805191040147322748194152719874
  -15.0976991022845190570933482376858592033497150843782188585093
   -9.8477734266088425840734998928382992744518150793944728344923
  -16.0188984266088425556517904624342918396113782028792967025949
  -14.3054693725547874549874904914759099483595090224583121290497
  -13.6298274806628967326105339452624320983986854907538760038981
  -10.3444372779601927447856724029406905174331370016141735547794
   -8.4371078860683006439558084821328520774903294672858446622120
  -10.4095504536358696157094527734443545341568176517205303406201
   -8.1024119401223551051316462690010666847288531027897805492860
  -10.5568404874196524190210766391828656196671797695971836284712
  -17.0694727509331656278845912311226129531985758242438980672712
   -7.2327835617439770743430926813744008541160315835734689679801
   -7.1939153185007338464629356167279183864646358401982447061295
  -12.5812801833655996119887277018278837204071924836135366599108
  -11.3134271428250592350650549633428454399192004654342689937382
  -12.9529693725547883076387734035961329937076364561398826647670
   -6.5530538320142470709583903953898698091555102243813544317853
   -5.3990166698520853927334428590256720781365959655283790535486
   -7.3668545076899230039657595625612884759957077200669495052986
   -6.4145234266088415608919603982940316200303474131569974471238
  -12.2711213995818155808592564426362514495939763336771643165086
   -4.0561619401223545366974576609209179878264663252791463733502
  -14.6311957239061403157620588899590075016129221565120167983387
  -13.1664491022845169254651409573853015899754934915875778927247
   -9.4460588995818142166172037832438945770333070555462456351294
   -9.1342599130953274766397953499108552932806365755792412726758
   -5.7031382914737065448207431472837924957317290667772410091189
  -15.5920909941764094241989369038492441177482716655507258961432
   -8.5212463995818144013583150808699429035249371809404207372864
  -13.5306889671493824067738387384451925754646526943397609694607
   -7.7644220752574906185827785520814359188136877948667906514353
  -13.1274626157980307539219211321324110031224375050909383465079
   -7.7714153185007344148971242248080670833644741826904946259445
   -8.4383578860683012834442706662230193615021712059533062425939
   -6.4754018049872206219674808380659669637727627449944168260479
  -11.9878308590412743228625913616269826889126158609083850674665
  -16.3012801833655984751203504856675863266110973829791984775316
  -13.8906045076899236079270849586464464664561280560176850670737
   -5.4496247779601931782167412166018038988153440839941208562400
   -8.9871247779601937111237930366769433021611437121291420079186
  -10.4840139671493819406578040798194706440048948198077037861224
   -8.4204693725547876681503112195059657096924656807366939029660
   -8.6284592374196531494590090005658566951815100891186794906876
   -8.9829997779601935548043911694549024105138018143702687940938
   -6.6345909941764098505245783599093556404162512807710442462360
  -17.0993882914737085343404032755643129348880509277119650693385
   -7.7686450482304634235219964466523379087505195106985865293933
  -15.5834423455277608638880337821319699287529039834022079378972
  -12.6732058590412748344533611088991165161225920511838193336553
   -6.8803849130953285140321895596571266651204113538105165339023
   -7.8272936968791118061972156283445656299648570325143176839933
   -8.9977768049872199895844460115768015384740177489401389302414
  -18.0447599130953300061719346558675169944895755552123675200590
  -19.7489828860683012123899970902130007743980541830106620773197
  -16.4099795076899219736787927104160189628721635707552493787420
  -13.7661281563385724524550823844037950039011049646127947648881
  -15.8155031563385719550751673523336648941156233028848050304362
   -9.8533730887710042622984474292024970054698855996264966684728
  -10.1329896428250574302865061326883733272626935684888010024059
  -14.2305200482304634590491332346573472023114803255787238851010
   -8.4227835617439765769631776493042707443299185528093930439487
  -10.1519034941764090262950048781931400299146850032546858813369
  -14.1167531563385715287495258962735533714398147116170179295579
   -6.3466011293115451863400267029646784067200558125152675447394
   -9.7330436968791129714873022749088704586100559846137424188609
  -13.3349288320142473907026214874349534511664131693816562452034
   -7.8456045076899227908029388345312327146587791765797346114823
  -14.6474457239061397473278702818788588047135200326265173367786
  -15.3495572103926249951655336190015077591055153548677750256940
   -7.3223612644466795629227817698847502470070275706568981336869
  -12.2672244401223551335533556994050741195768836268935205794892
   -8.1659423455277604375623923260718584060728939181851927390900
  -11.8522734266088427546037564752623438835231119721608623816861
   -7.6762970752574908317455992801114916801509033242794992677877
   -7.7275639671493827620452066184952855110225230204931262277250
   -7.7454693725547878457859951595310121774730366635886907505541
  -11.3745639671493830036297367769293487072074533894915317794910
   -9.0630318725547880376325338147580623626775569017296940570605
   -7.5353173455277611125779912981670349836404848073258256739236
   -6.2099795076899226842215284705162048339889373723937572964007
  -10.5116872779601937537563571822829544544297198384455329477617
   -4.0304524806628956312692935171071439981490182377326730679972
  -11.2798072103926259046602353919297456741415878747838631484962
   -7.7180200482304632814134492946323007345256288016976425428482
   -6.0780200482304636011576803866773843765303443301442996983874
  -10.8885403185007341164691752055659890174945719016456864525679
   -7.3786788320142475683383054274599999189431041025209779641031
   -9.7287920076899236931922132498584687709879825484658528287430
  -11.4247024806628960647003623307682573795402538973286528804443
   -7.9479524806628951694165152730420231819211224364010145122282
  -17.3811450482304650222431519068777561187871837111343860547368
   -9.4325656563385713582192693138495087623665490954017414457662
   -6.8043038320142468222684328793548047542622011613848819939379
  -11.3442261293115453923974200733937323093497650851434101915201
  -15.0660099130953284429779159836471080780139984434639225883391
   -7.6773781563385714576952523202635347843226570482199390122422
  -13.8113477509331659121016855351626873016458891632865400265507
   -9.2119457239061386388812024961225688457556692360365832461207
  -14.0786957239061401025992381619289517402752359701814984770270
   -8.4736112644466796695041921338997781276765135122952632328237
   -4.5110943725547869576075754594057798385653259474693527273025
   -8.1711281563385718129666202003136277198851535874922630777889
   -7.8061450482304639564290482667274773120937477449411839271483
   -4.7015166698520847177178438869304955005680293242410674620922
   -8.1255707239061401025992381619289517402708623046769741455764
   -6.5354524806628955246878831530921161174822184843569292117986
  -10.3737193725547882650062092579901218414382854678246586740764
   -8.8187463995818156092809658730402588844364106322337767572574
   -4.9251822103926254925454486510716378688848440383531793489714
   -4.6255538320142468577955696673598140478168138475930982071465
   -8.3791349130953278745437273755669593811096716410969508480591
   -7.8453680212034360152983936131931841373501242176806540420974
   -7.8449119401223548209145519649609923362789568904176950871813
  -10.5155776495818145122029818594455718994217881263266978318514
  -10.0315707239061389088874420849606394767834930810723911946933
   -6.8045065347169497727009002119302749633839054118698081962678
  -13.4844558590412741949648989248089492321113472432413846961485
   -4.7057734266088413477291396702639758586918117484870177071052
  -13.5569896428250586950525757856667041778664054154620606986021
  -13.4873781563385719550751673523336648941139128667688624441209
   -8.4227835617439765769631776493042707443299185528093930439487
  -11.3323984266088420014284565695561468601310063955198412956839
  -16.2721078860683014966070913942530751228452068099350275519790
   -7.8064828860683013189714074542280286550579203564264775970456
   -8.8263646428250588371611229376867413520877834167349615213050
   -9.7816095752574909738541464321315288543773035792485402348728
  -11.6566484266088412624640113790519535541620063355468751243438
   -7.4915166698520856414234003750607371330316269440778138266129
   -6.0060099130953279455980009515769779682203549020148913849598
   -8.8116349130953288693035574397072196006839640012886574983819
  -10.6701457239061401338631185353733599186021995365755639094966
  -13.0261619401223551761859198450110852718448972607959438231615
  -12.3916011293115460034641728270798921585174046919532180003308
   -6.8450132914737071843092053313739597797444088043471442593064
  -11.6431551833655984040660769096575677394952483754023709349806
  -11.4940960617439777990966831566765904426659152312427429679102
  -14.2616518049872205153860704740509390831098430413313480985377
   -7.5963139671493822291381547984201461076792259096284103365613
   -9.2143511293115452076563087757676839828558907298118741791307
   -6.8309930212034366547868557972833514213612197929418319438854
   -8.3767531563385713155867051682434976100983173521959429729665
   -4.2628173455277611481051280861720442771942939329426594640311
  -11.1849862644466799821429958683438599109731832504174262204233
  -10.2111213995818150834793414105661213398054755800129806209766
   -8.7667024806628965905019867932423949241702591151508493557079
   -5.9600808590412741594377621368039399385496058266439044151426
  -13.5192362644466790300157299498096108436683796317851805476085
  -12.5463646428250577002927457215264439582916883161006233389258
   -7.6379693725547879168402687355410307645853844428744948781644
  -10.1634761293115438718359655467793345451429649898592018054186
   -6.6038646428250578068741560855414718389559625933320224368066
   -7.6500301833655992567173598217777907848414357842276039063538
  -15.8138646428250595477038586977869272232171845990951932305533
  -12.8687632914737069000921110273338854312991273256569978555826
   -8.6630369401223550340773726929910480976168382271775491398176
  -13.6095909941764094952532104798592627048592419123941601555800
  -14.8468882914737072553634789073839783668627144114461980667666
  -11.2401619401223555883007065858691930770956603105393384450335
  -13.0538477509331656278845912311226129531956256089298225995998
   -6.0925808590412744436548564408440142869994102035198318860356
  -10.7996637982304637404240565956570208072741696914284999242227
  -11.2281534941764089552407313021831214428030489490641061856162
   -6.9460436968791121614685835083946585655263433813289038462129
   -8.5651991022845166412480466533452272415224059957240022360183
  -13.4568376157980313934103833162225782871345203119358146538202
  -11.7455149806628966757671150844544172287073597103170423653377
   -7.9854524806628957023235670931171625852643506706436119099832
   -6.4386957239061386459866298537235707044648744495000720531063
   -7.5162632914737059763865545392036437988336470781490126712250
   -7.8156045076899225421129813184961676597652634837169066934088
  -20.0821754536358696441311622038483619690088946773737318585827
   -9.7392903185007337896195167559199035167765644801565098811287
  -12.8730200482304635301034068106673657894229097499029481005956
   -8.2600977509331663384273269912227988243163712957771636371585
  -12.9234423455277607217794866301119327545260962084189658848108
   -8.9029693725547875970960376434959471225803934079393637489904
   -8.0433916698520846466635703109204769134580577884183513570811
  -12.8150470752574907606913257041014730930422519237140542864427
   -9.9114051833655985035420599160715937614513735473760981248087
  -13.9561112644466795984499185578897595405681146593442527273105
   -8.6328004536358697862397093558683991432253365207281406536643
   -6.8675132914737062606036488432437181472828774831739526970458
  -10.7000823793115440452083930722437798976976805149313836381185
   -7.7496754536358691822783839597832411527690602615415344453109
   -6.9082396428250580910912503895815461874058932440151671456155
  -13.3809254536358697151854357798583805561163981342372019497832
  -11.8752936968791118488297797739505767822352870879093980714198
   -7.1565166698520847887721174629405140876822597311981104095394
   -8.9455707239061386104594930657185614109105028314692705668280
  -11.1895943725547883929039016948081552982412530421705818828082
  -12.0119896428250587661068493616767227649776970865420479272795
   -8.3566180212034364416240350692532956600250603717349402264659
   -7.1143038320142473196483479114249348640494162181028538125079
   -7.1835099130953281587608216796070337295585002658261996623293
  -16.1112970752574895527686749119311571121334187429352405138041
   -5.0760774806628958799592510331422090530432800940017846646646
  -13.6717362644466806642640221980400383472543071007779932980872
  -11.6965994401223554177704500034451484680261714291035593498173
  -14.1223105887710040917681908467784523964031977008235363052091
   -7.1538815347169499858637209399603307247214423655190697818607
   -8.2026484266088424135432433104142546653807822136795375120316
  -13.3764491022845177781164238695055246353247688689711233185865
   -8.6317869401223550340773726929910480976168152683035096420147
  -18.3871247779601958427520003169775009155408524758152229485940
  -12.2877159941764091399818425998091697692961369629597893982568
   -8.5454862644466800247755600139498710632387001067680540780313
   -8.1547430212034370811124972533434629440367528777211450711290
  -11.1666974130953278177003085147589445114217782123290221310307
   -6.8769896428250589792696700897067785263112047577973776484652
   -5.9201822103926255991268590150866657495542151856213469590937
  -12.9311957239061392499479552498087286949252718265767681170784
   -8.3966686968791126588484985404647886753143964369493173345884
   -7.8108409941764094241989369038492441177425549059148909432235
  -19.5217869401223538261547219008207321167135610939162938354784
   -6.3408916698520849664078014029655605554627273991169295170145
   -8.8296247779601930716353308525867760181491871790914829385222
  -10.9844102509331662531621987000107765197834606951231789765562
   -5.3876991022845173162636456254404038190881257366304160999164
   -7.0961112644466801668841071659699082374624887898151021700377
   -7.4705876157980313223561097402125597000176955522123084546464
   -7.4236957239061389657308609457686543464715185233660470240883
   -7.5021247779601925032011422445066273212487978236222850714379
   -7.0563984266088422003804225823841989040426598087422687324650
  -15.1483409941764097794703047838993370533100794386018650276031
   -7.5164659941764089268190218717791140079553513286339388735549
   -7.6250132914737065448207431472837924957331410375306701239967
  -14.3723781563385717419123466243036091327772827886441610217422
   -7.8665842374196532915675561525858938694058038673945965343575
   -7.2602159941764092820903897518292069435172968549293149918322
   -5.7995741022845175294264663534704595804257086080277566811151
   -4.8722936968791117351429420523345470428502592835726427716999
  -10.7093261293115453725022234721109271049578191421038245225438
  -11.0916112644466799963538505835458636283956000008642962009987
   -8.3175301833655979066861618775874376297058177873395875784316
  -12.4741855887710038075510965427383780479522798185566931908758
  -13.3259254536358682230456906836479902267553958125563924325539
  -13.9805200482304634590491332346573472023112966545864079026779
   -6.5455031563385714932223891082685440778780388567084784018476
   -5.6473612644466797405584657099097967147868638695396310515825
   -7.8613984266088419161633282783441245555935441980875261956587
   -6.8221585617439766124903144373092800378849559781873399665108
  -13.3933241022845184176048860535956919193366220870756046478699
   -6.8334254536358685072627849876880645752003329081359463692342
   -8.4075808590412748344533611088991165161194581648774278835608
  -11.8867159941764093389338086126372218132106372765631145625962
   -7.4094220752574901922571370960213243961388664351827019560812
  -12.3889322103926264873052787152118980884643021452037730049445
   -4.9801991022845175649536031414754688739813200052566910487494
   -4.0254524806628957378507038811221718788176547010315767484270
   -3.9908241022845176715350135054904967546492332640233505483882
   -9.2841501157980310665607248665764927864142916193833166699514
  -13.0573781563385722392922616563737392425633039839120789545620
  -16.6945909941764085715476539917290210723999605608768393780027
   -7.1017531563385718484937569883186370134405813137288814630001
  -10.5649117712034374960694549372419714927750958556899909552809
   -8.6454186968791120193600363563746213913027383692741717366296
   -7.0893038320142469643769800313748419284872640619411222140046
  -13.8020234266088426267060640384443104267221762581674347285101
   -7.5034592374196531494590090005658566951806835696532575697835
  -12.2943595752574914570232067489996552467436516095173081745626
  -12.7435099130953286561407367116771638393495724133828071117849
  -11.1658038320142480870345025323331356048666017745793266242208
   -7.8124457239061388946765873697586357593593773739465983767040
   -8.7056889671493831173165744985453784465853754223130625092165
  -13.7589491022845180623335181735455989837747569168393667719027
  -14.0178849130953295798462931998074054718120565278286378328654
   -9.2255082239061394488999212626367807388373442392504163887623
  -16.3166686968791125877942249644547700882077883761733876577007
   -8.3833578860683015676613649702630937099518378295849967266696
   -9.4599997779601938674431949038989841938088299929986076887868
  -13.3068882914737063316579224192537367344000351465710316143615
   -6.0936112644466797760856024979148060083434051011671650802339
   -8.8072261293115445823787013068795204162662361528508876012952
   -6.1262970752574910093812832201365381479308314586583901768949
   -8.6320065347169503411350888200104236602846621093236380281984
  -11.4715065347169495879597889143042266368950246116418629560069
  -14.3004186968791131562284135725349187851057211321203592598758
  -15.7629693725547888050186884356662631034966882227810143075683
   -5.3907903185007333135558837966527789831201104295724156825112
  -10.1632582239061388662548779393546283245161337750800936384034
   -6.3755707239061392144208184618037194013642421350745122679621
   -9.2479524806628958799592510331422090530463451036860576213504
   -8.4359423455277600112367508700117468833985317359818939997938
   -4.0786619401223553893487405730411410331756039494184548123947
  -10.9435859266088417740547811263240873813709551162090418638533
  -14.6815842374196527941876411205157637596238234339576302148463
  -15.1636281563385715287495258962735533714405838338973411059547
   -8.5362970752574902633114106720313429832521210899930662469056
  -15.5733747779601934269066987326368689537162754931717065646469
   -6.8707227509331660897373694751877337694218568918936175646593
   -5.9597430212034359087169832491781562566800987425023607445927
   -9.0275436968791122893662759452126920223302407900734267159617
  -10.8625200482304631321994747850112617015918428240327429696566
  -11.0637447103926263025641674175858497619710189808787540609794
   -6.3641518049872196627347875619307160377549197809340862131649
  -12.0572447103926254641237392206676304340451131472147177745129
  -11.3809355887710044186178492964245378971183467424947954001885
   -4.9274963995818144013583150808699429035222969104258784899541
  -12.5821416698520849308806646149605512619110993665338480181816
   -6.7828342374196530784047354245558381080677273802054067503967
   -6.7419896428250583042540711176116019487430513762427770174608
   -5.3365673455277606862523498421069234609643088740734066081991
   -6.2873443725547879523674055235460400581406055392447577831496
   -7.6184423455277610059965809341520071029719057412120207380010
   -6.1980200482304637077390907506924122571990726289393613700288
   -7.2906213995818145434668622328899800777488865761057453139130
   -7.3861450482304640274833218427374958992058659354865930767296
   -9.3277548455277603522972640348598361015388353738292331883432
  -11.1578477509331666084335665800608694553457219059365981896233
   -9.3477126157980308107653399929404258728096019896081130082945
   -7.1528342374196522968077260884456336498313048773365344038087
  -11.3891433590412738396935310447588562965476740616745363682037
   -6.4508747779601929295267837005667388439225860339745963656618
  -12.3988477509331662673730534152127802372069852112424547261211
   -4.1160605887710035588611390267033129930526455857623391083322
  -12.4007396428250586950525757856667041778655559371225992798952
  -13.5637463995818148276839565369300544262032023717304341030740
   -8.3405369401223552472401934210211038589538815650349615226484
  -11.6119389671493831173165744985453784465875105975987358048852
  -14.5319051833655983330118033336475491523849439359060821118276
  -15.3433578860683006439558084821328520774954033784485736766507
   -8.1649795076899227552758020465262234211028004373661682790017
   -8.2957903185007335622458413126878440380157383388468773984506
  -10.0970453860683022639932460151612758636548790748820747076961
   -7.2100977509331665160630109312478452920966667721406865111119
  -16.9827159941764094241989369038492441177492933354454835483718
   -7.0798781563385713155867051682434976100973645589233038141465
  -10.9936450482304639564290482667274773120960895500932127030430
   -7.1943545076899226842215284705162048339896605769260014771918
  -12.2247480887710047170457983156666159629911590608241099200814
   -8.6533072103926258478168165311217308044497168210885914371172
   -8.8637463995818155382266922970302402973240169351998936340413
  -14.9898612644466808774268429260700941085925557795224793155698
   -7.2636957239061388236223137937486171722465474583059647952331
  -12.3213832239061389373091515153646469116301460727337613567231
   -9.2169845752574914854449161794036626815863614145623945889461
   -8.4437632914737061895493752672336995601716087709680049661714
  -18.7240166698520837940122873988002538681167835786375709155264
  -13.7632565347169499858637209399603307247262981673784235671719
  -12.8509423455277609349423073581419885158633232172686942500647
  -10.6293838995818141768268105806782841682512174410791748747035
   -5.7951991022845170675736881094053387641949314680041411510834
  -13.7888984266088421293261490063741803169351793107528381390674
  -14.3783916698520854993148532230406999588118331051136383523094
   -8.8014153185007337754086620407178997993533900868663364730579
  -15.0713984266088409924577717902138829231372934179434191280628
  -13.6097599130953277324351802235469222068886609818086819902024
  -16.7156213995818134776527585927397012710694096053285578504816
   -6.5471585617439771453973662573844194412279546236895423862368
   -5.8828173455277603665081187500618398189587897850353670295587
   -4.7537801833655981553761193936225026845966932096878732491728
   -8.6133241022845172807365088374353945255342821727025230631046
  -12.5412632914737081080147618195042014122101415994695639194958
   -9.1870977509331659405233949655666947364874625040666712996911
   -7.5287632914737070422006581793539226055200576288861284711292
  -14.9221247779601924321468686684966087341418224208617234297039
  -12.6847936968791117351429420523345470428559990020825172224224
   -7.5001653185007342017343034967780113220269946262263317848588
  -15.8628342374196531494590090005658566951868250684588232320566
  -15.1098274806628971589361754013225436210743333699033866201562
   -8.1736450482304636722119539626874029636443107100498884211014
  -15.5423950482304640274833218427374958992118582016109020032839
  -14.0865673455277615744307695422321557998760718314607159936608
   -7.7982227509331663029001902032177895307598185847126098596057
  -12.6022768049872198048433347139507532119843563469948507646822
   -8.3311281563385719550751673523336648941101246525523453066441
   -5.7584254536358683296271010476630181074184762283377376446843
   -4.6305031563385714576952523202635347843204185580010879764604
  -16.7554524806628961641763453371822834015015677748353065737255
   -8.5730538320142475328111686394549906253877682117805175701035
   -7.2572599130953285850864631356671452522331149956439328774574
   -6.3444051833655983330118033336475491523789287109077336874704
   -8.1450470752574908317455992801114916801512477073900917348311
   -8.1028680212034362995154879172332584858000204300527395042020
   -5.1543713995818150053196404769551008939780910332576552444468
  -14.3654186968791126588484985404647886753187815818908614149404
  -14.4122261293115450087043427629396319389449146033736119275348
   -7.7225808590412743370734460768289864063319676016709820913561
  -15.5206889671493826199366594664752483368033949888760961897053
  -17.2789828860683023492583743063732981681950676386065801718145
  -12.1194034941764101631633820943534374237149586189642126638421
   -8.5897261293115452218671634909696877002779171794000726970569
  -12.2427616022845171528388164006173610687345804981887184168339
  -10.5579014671493833787963012582622468471604666818944827757841
   -9.3253393049872208564465836388990283012458648491703209468481
   -9.1883528185007339317280639079399406910010132308321935349682
   -9.3766366022845168970434315269812941551277384739723118361561
   -6.4176484266088413832562764582689851522492828145131513967736
   -5.8006382914737066869292902993038296699566542140892442423684
  -13.2492024806628965194477132172323763370611255782305749205023
  -16.1802328860683033440182043705135583877682350139703514297958
  -17.3490673455277608638880337821319699287542011597854395637605
  -10.7578717374196521916474011959508061409075618390338797176702
   -7.9474288320142481012453572475351393222867226376222468245072
  -13.5498274806628966615562603692524135112861999582238348894705
   -6.3765842374196530784047354245558381080674289148428932789591
   -6.3754524806628962707577557011973112821625818919530969835959
   -8.7128342374196527941876411205157637596194382890160861344944
  -15.9238139671493819093939237063750624656794235802262057108406
   -7.5403173455277610059965809341520071029718483440269219934938
  -17.0317700482304630327234917785972356796389778121726244678388
   -4.9704355887710036654425493907183408737219134180973289783415
   -4.5422768049872201956418393820058554410967819621713334916479
   -8.0039997779601925742554158205166459083615933009518594062045
   -8.9507734266088423424889697344042360782689050913115430893806
  -14.1297261293115443692158805788494646549328662348397948669268
  -10.7945354198520853117315709823742508888323934627536170098436
  -14.8645909941764102768502198159694671630968582767130863879183
   -8.6681213995818140460869472008198499679629112985859063766990
  -12.9518038320142476749197157914750277996158387248359320023488
  -10.8820217374196523962837090948596596717914421125486638346918
  -12.4424288320142473196483479114249348640533307061265881879007
   -7.8720403185007334911915677366778254509030002587024018081912
  -15.4540166698520859966947682551108300685996106542455778670502
   -5.1014322103926259543982268951367586851157474521840121169190
   -4.3663815347169494529566691198851913213761937503609965774514
   -7.6404018049872206574946176260709762573298320307248593041657
   -7.2087126157980314644646568922325968742423566724728574631626
  -13.3786281563385713866409787442535161972144189073872049913492
   -8.0295909941764094241989369038492441177427156180331674278438
   -5.3707227509331660897373694751877337694207548659397216701206
   -8.0584085617439775717230077134445309639036254617130925002978
   -7.2967362644466797760856024979148060083442890178176857456452
   -6.7061281563385719550751673523336648941089307911022914208938
  -10.6444704198520856408549661864526569843370439545912694184761
  -16.0697599130953285850864631356671452522395893981230712578723
   -6.2973950482304630327234917785972356796310914389400569725461
   -7.4250301833655987238103080017026513814980697967407695217814
   -4.8459085617439763282732201332692056894337970277430821252472
   -5.9755538320142473907026214874349534511610063545453545126228
   -7.8081382914737069711463846033439040184078361234075415814348
   -5.3203680212034365482054454332683235406914698242520126200154
   -9.1463477509331667647529684472829103469915829563199237951617
   -9.6083764671493820941350350040011107921670932998485674419990
  -14.7520065347169513358949188841506838798631329845905332786472
   -8.6921247779601937821780666126869618892733537381707091487115
   -6.2355876157980310026118786481674760580108678073540175012413
   -9.7582447103926259757145089679397642612528967650193800005257
   -8.9299795076899233237099906546063721180027765331026551856341
   -9.3883629536358697009745810646563768386909795110096676314799
   -5.3986957239061394986379127658437937498132314719220375668525
   -9.6094220752574912580712407361716032028268841071025826021877
   -8.1647092374196521546991789364255964756071947700529333425618
   -8.3823443725547868154990283073857426643433165771603657150201
   -5.5942193725547877392045847955159842968028160379810617217249
  -10.9926754536358686209496227093040943145832714549351073688912
  -13.9642531563385716708580730482935905456645561879367051803842
  -12.0024727509331654573543346486985683441250289618216377353941
  -11.1602480887710040491356267011724412441335654663013284664330
   -7.1231551833655988303917183657176792621664881507362979730838
   -7.9730200482304631748320389306172728538571760093910548448415
  -14.0876484266088422003804225823841989040478255554011557381153
  -13.5573612644466798826670128619298338890175287353615087355544
   -4.5290166698520852861520324950106441974673166537563694346379
  -14.9325301833655998962058220058679580688586269405462684748091
  -11.0431433590412737544284027535468339920125077516461710484675
   -8.4773105887710045180938323028385639190736109566920414224082
   -3.9691855887710039141325069067534059286146714681168534689196
  -13.0446923455277605796709394780918955803013317732252391361816
  -10.1497970752574904196308125392533838749006453697649735975793
   -7.1609761293115443692158805788494646549277464059289868568824
  -14.5423612644466793142328242538496851921188383365712337058839
  -17.4888308590412755449960968689993023872503975917983059456027
   -9.8983612644466791863351318170316517353130583001554720162981
   -7.6510943725547875260417640674859285354670469176328414669545
  -13.4825977509331664805358741432428359985450616984316445100819
  -15.3163308590412743370734460768289864063375466080625800574583
   -4.6329862644466794918685081938747316598926249721445589527180
  -14.0078849130953280166522745275869965553386605091139451924200
   -7.1603511293115449376500691869296133518271600092515060673439
  -17.4592869401223538261547219008207321167120458082296869804877
  -11.3714237644466802379383807419799268245780565511849458645033
   -8.3373274806628963062848924892023205757202366289715466556874
   -7.9447936968791124101585410244297236204205707992869561961759
  -12.2091366022845182470746294711716473102659278647527519180019
   -8.3011957239061402447077853139489889144958448491740761233331
  -10.2260453860683018234567498438991606235579279506766097543028
   -9.5529102509331664805358741432428359985421746200211776613685
   -5.5747092374196531849861457885708659887354799268537897654152
   -7.2087632914737067579835638753138482570701154987659640134188
   -6.9654524806628952404707888490520417690328273672137127013575
  -12.0374355887710038359728059731423854827969296484581171696035
   -8.8282565347169494884838059078902006149356851973026060737741
   -5.1062632914737067224564270873088389635123574468143366012142
  -14.5298443725547876681503112195059657096969541406114157234310
   -7.0922430212034370811124972533434629440359722760038021458308
   -8.3673781563385709603153372881934046745361766754712311233646
   -6.3281889671493818383396501303650438785599470705511375154329
  -10.2381467374196528652419146965257823467329856694704540223056
  -18.5220065347169509095692774280905723571913421962796582932746
   -4.0202497779601928939996469125617295503645869138455542265270
   -9.4986028185007338464629356167279183864663290571586576690926
   -9.1671213995818146003102810936979949474402066168240690780227
   -9.5659170076899222578958870144560933113168423790018589651399
   -7.8525301833655980487947090296074748039303296749188798512290
  -14.9069220752574906896370521280914545059313620329297582693160
  -13.3891011293115447244872484588995575904944558985875587692594
   -8.9802565347169505116653454024344682693547421817659341918391
   -6.5186281563385710668967476522084325552034585652018044334239
   -7.3968713995818147211025461729150265455300315308087296065733
  -12.8101315347169499858637209399603307247255979217202188841838
  -13.1422936968791113088173005962744355201817745731234554699435
   -7.2569220752574903343656842480413615703636079115023892069075
   -7.5692700482304635656305435986723750829752265487072145335152
   -6.8500977509331661963187798392027616500904818757555014961877
   -6.8803173455277608638880337821319699287465099369822077997923
   -9.2903393049872207143380364868789911270209856196063967092045
  -11.1328730887710047881000718916766345501027836355776698669006
   -4.3533578860683013189714074542280286550553834008451130898262
   -7.9501991022845173162636456254404038190900083643016549197534
   -4.2648781563385718129666202003136277198822837282373258524276
  -12.2306467374196525810248203924857079982847424960292124020091
   -8.7170234266088417740547811263240873813693192964337276453974
   -6.1838139671493825844095226784702390432403219575843250361317
   -5.3315335617439769677616823173593729734459946289581559215739
  -20.4301991022845186307677067816257476806790722397693187632813
  -13.1683916698520846466635703109204769134618230437608289967550
  -10.3716315347169505400870548328384757042007351057986687920358
  -11.0068967374196535757846504566259682178578180358968256687787
  -15.7331045076899229684386227745562791824456408909185538570622
  -14.1246923455277606507252130541019141674145519897245441803017
   -6.4365504536358688625341528677381575107621751194981447473986
  -11.4169322103926251799066449166275560855949356886356484643229
  -14.3414322103926252793826279230415821075544817328412608267816
   -8.7898950482304627485063974745571613311832156074834473170958
  -11.0024778185007345854273808072321116924366722112629344619018
   -6.9181045076899234658185378066264092922261519564169923171884
   -8.9940352509331660257885232567787170410222327735178552823275
   -7.8554018049872205153860704740509390831051364721532510489452
   -9.5018561968791122041011476540006697177956771504885982135513
   -3.9924288320142471420126639713998883962660557320550579818687
  -11.4572784941764105326456046896055340766990913069660637846659
  -10.3655031563385708892610637121833860874252179080648166128292
  -17.0076315347169497727009002119302749633914014842437042289114
  -14.0287801833655993988259069737978279590709756652215461979841
  -12.4810436968791123035771306604146957397552633727237796971651
   -9.5000217374196527231333675445057451725075898652406410840969
  -10.7938430212034361943551630247384309768756058446844295073290
   -8.5920403185007341306800299207679927349153700514727718380396
   -5.1169558590412735910035735287237912416495723337223187640030
   -6.7705876157980311447204258001875132322361143789025737037311
   -8.4776484266088409924577717902138829231324490955210850916530
   -8.4274457239061391078394080977886915206971094780251956936215
   -8.8954524806628967326105339452624320983952072213368920867602
   -7.7604186968791122325228570844046771526393684473988731590084
  -12.7308409941764093531446633278392255306337427932311694772583
   -8.6829018049872210838202590821310877800051584856378169511834
  -16.4541686968791118772514892043545842170836218170941614475114
  -19.0069389671493809146340936422348022461077140933639425633429
   -7.3238308590412746212905403808690607547813816776882380996000
   -7.6304355887710038075510965427383780479487211930805710314279
  -13.0273612644466805221554750460200011730289801731702988532872
   -7.9862463995818151474281876289751380682050250820481145354491
   -8.9683274806628965336585679324343800544804658395561521954904
  -14.5744389671493834725879423785954713821518208879201801968602
   -8.0695741022845179912792445975355803966581502664192358018563
   -7.3734423455277608994151705701369792223030856069208010751480
   -6.2262463995818153605910083570051938295410123116997100193469
   -6.4089322103926251728012175590265542268800137155363247044177
   -9.7134338995818154671724187210202217102122144291725275792497
  -15.5720909941764098505245783599093556404228175187463406178625
   -6.0455031563385714932223891082685440778776715147238464370014
   -8.3417700482304635301034068106673657894195807131672209191766
   -4.5495741022845175294264663534704595804247902530661767689995
  -10.8355200482304638853747746907174587249835466203780728441082
   -7.4486619401223554959301509370561689138467199711136242555366
   -6.7831720752574904409470946120563894510318999916907004202940
   -5.5672768049872205509132072620559483766596688023023290198437
   -8.0022261293115448665957956109195947647153517635056301381016
   -7.9614659941764092110361161758191883564053852942502613224769
   -7.5244389671493827620452066184952855110223737878118694920062
   -6.8570909941764091044547058118041604757359337909229554700444
   -7.9907734266088414898376868222840130329190787009510497162494
  -12.2541298455277605228275206172838807106108095533797879207223
   -9.4185960617439761222158267628401517868111189102895356806015
   -9.6567396428250589224262512288987636566233055893109390569861
  -10.7907725820142470496421083225868642330248955810694786103262
  -15.5442193725547888050186884356662631034965275106627378229481
  -14.7949457239061388236223137937486171722520805469494837657296
   -5.5429186968791119838328995683696120977442456333532803947326
  -17.7929862644466822985123144462704658508431503467738222695330
  -11.7726129536358694593900509062223136425104802047008851556717
  -11.9873409941764101915850915247574448585598322978875217461480
  -14.8034930212034367968954029493033885955919305765117886234631
  -12.7536619401223560998914763331413269043062449109768194029990
   -7.0393207239061386104594930657185614109091023401528612008517
   -8.6446247779601925742554158205166459083620639578696691111637
  -13.9145572103926262741424579871818423271281427239968812875250
