1 172
1 355
1 372
1 463
1 614
1 678
1 824
1 845
1 877
2 25
2 150
2 226
2 401
2 439
2 480
2 650
2 744
2 792
2 815
2 952
3 33
3 394
3 407
3 415
3 696
4 139
4 183
4 198
4 375
4 579
4 667
4 735
4 762
4 968
5 94
5 278
5 313
5 382
5 422
5 484
5 559
5 871
5 967
6 33
6 147
6 156
6 207
6 675
6 696
7 35
7 304
7 523
7 783
7 914
8 26
8 78
8 83
8 220
8 319
8 366
8 391
8 504
8 569
8 704
8 749
8 791
8 858
8 859
8 922
8 942
8 984
8 993
9 62
9 176
9 219
9 273
9 348
9 469
9 536
9 576
9 724
10 60
10 190
10 269
10 302
10 436
10 598
10 610
10 656
10 920
10 932
10 949
11 212
11 284
11 467
11 958
12 683
12 870
12 882
13 106
13 109
13 206
13 387
13 580
13 631
13 639
13 781
13 891
13 937
14 135
14 294
14 386
14 739
14 875
15 16
15 43
15 62
15 188
15 273
15 348
15 469
15 536
15 679
15 853
15 947
16 62
16 129
16 188
16 536
16 679
16 693
16 713
16 853
16 880
16 947
17 112
17 354
17 442
17 564
17 593
17 600
17 665
17 775
18 315
18 344
18 411
18 558
18 668
18 681
18 699
19 219
19 274
19 767
20 53
20 205
20 427
20 561
20 715
20 782
20 834
21 147
21 156
21 207
21 293
21 336
21 340
21 353
21 424
21 440
21 675
21 676
21 805
21 912
21 995
22 120
22 134
22 153
22 552
22 694
22 725
22 813
22 921
23 162
23 233
23 240
23 403
23 524
23 657
23 869
23 975
24 378
24 404
24 468
24 502
24 549
24 680
24 794
24 796
24 904
24 938
24 986
25 73
25 317
25 346
25 352
25 409
25 480
25 595
25 650
25 721
25 744
26 78
26 83
26 220
26 307
26 319
26 366
26 391
26 504
26 569
26 704
26 749
26 791
26 793
26 858
26 859
26 922
26 929
26 942
26 984
26 993
27 84
27 163
27 345
27 545
27 773
28 57
28 90
28 418
28 483
28 541
28 627
28 856
29 97
29 151
29 227
29 235
29 359
29 389
29 416
29 452
29 453
29 512
29 718
29 943
30 79
30 92
30 101
30 199
30 222
30 297
30 741
30 893
30 953
31 49
31 527
31 729
31 899
31 907
31 918
32 164
32 435
32 643
32 843
33 147
33 156
33 207
33 671
33 675
33 696
34 254
34 414
34 505
34 709
34 769
34 895
34 994
35 215
35 304
35 523
35 611
35 783
35 867
36 86
36 206
36 852
36 940
37 443
37 451
37 521
37 617
37 717
38 94
38 382
38 444
38 484
38 486
38 522
38 534
38 559
38 883
38 897
38 966
39 104
39 590
39 646
39 726
39 745
40 160
40 298
40 433
40 605
40 872
40 934
41 81
41 135
41 294
41 485
41 823
41 875
42 180
42 224
42 268
42 287
42 471
42 626
42 677
42 964
43 128
43 195
43 214
43 270
43 503
43 853
44 61
44 537
44 547
44 585
44 703
44 743
44 763
44 829
44 927
44 946
45 102
45 339
45 597
45 655
45 662
45 821
45 962
46 53
46 170
46 275
46 406
46 423
46 457
46 633
46 788
47 67
47 163
47 334
47 545
47 936
48 314
48 592
49 289
49 290
49 525
49 729
49 887
49 902
50 100
50 140
50 267
50 301
50 446
50 451
50 487
50 803
50 892
51 127
51 143
51 372
51 388
51 678
51 758
51 800
51 877
52 210
52 281
52 326
52 408
52 593
52 600
52 665
53 70
53 275
53 423
53 561
53 633
53 782
53 798
53 834
54 65
54 719
54 750
55 154
55 217
55 392
55 460
55 515
55 604
55 833
55 909
55 990
56 194
56 225
56 454
56 462
56 518
56 554
56 560
56 565
57 265
57 418
57 475
57 541
57 582
57 627
57 722
57 856
57 933
58 144
58 253
58 692
58 741
58 850
59 93
59 178
59 496
59 654
59 706
59 854
60 269
60 302
60 436
60 515
60 835
60 920
60 949
61 105
61 537
61 585
61 615
61 763
61 946
62 273
62 348
62 469
62 536
62 679
62 853
62 947
63 224
63 320
63 368
63 400
63 626
63 698
63 733
63 747
64 114
64 442
64 466
64 473
64 479
64 557
64 564
64 731
64 775
64 818
64 989
65 719
65 750
66 279
66 303
66 342
66 447
66 634
66 647
66 787
66 944
66 998
67 163
67 334
67 401
67 545
67 602
67 815
67 935
67 936
68 111
68 419
68 441
68 711
68 841
68 884
68 896
68 910
69 213
69 321
69 416
69 568
69 621
69 943
69 956
70 369
70 561
70 782
70 798
70 855
71 132
71 165
71 171
71 495
71 538
71 556
71 629
71 669
71 723
71 768
71 972
71 978
72 250
72 254
72 341
72 709
72 870
73 346
73 409
73 544
73 573
73 648
73 650
73 744
73 838
74 94
74 149
74 313
74 384
74 486
74 522
74 534
74 559
74 594
74 955
74 967
75 107
75 133
75 138
75 312
75 640
75 716
75 759
76 167
76 305
76 350
76 720
76 738
76 751
76 844
76 848
77 276
77 373
77 628
77 925
78 83
78 364
78 366
78 391
78 569
78 749
78 791
78 858
78 906
78 993
79 92
79 101
79 199
79 222
79 297
79 692
79 741
79 893
79 953
80 123
80 237
80 562
80 617
80 717
80 957
81 294
81 485
81 823
81 875
82 342
82 456
82 501
82 533
82 801
82 802
82 836
83 220
83 234
83 366
83 391
83 566
83 569
83 749
83 791
83 793
83 922
83 984
83 993
84 87
84 345
84 773
85 131
85 141
85 173
85 531
85 591
85 599
85 983
85 997
86 117
86 142
86 206
86 720
86 814
86 940
87 345
87 773
87 907
87 918
88 257
88 362
88 376
88 552
88 778
88 826
88 921
88 974
89 324
89 461
89 482
89 728
89 774
89 823
89 827
89 832
90 327
90 483
90 530
90 601
90 863
91 95
91 211
91 380
91 444
91 508
92 199
92 248
92 741
92 953
93 286
93 477
93 654
93 695
93 854
93 961
94 382
94 484
94 486
94 522
94 534
94 559
94 883
94 897
95 211
95 253
95 508
95 746
95 797
96 111
96 136
96 152
96 317
96 325
96 516
96 595
96 651
96 711
96 721
96 860
96 976
97 139
97 151
97 359
97 375
97 452
97 453
97 512
97 718
97 762
98 413
98 501
98 533
98 802
98 811
99 117
99 142
99 510
99 674
99 844
99 848
99 917
99 923
100 140
100 202
100 267
100 301
100 446
100 487
100 543
100 734
100 803
100 885
100 892
101 199
101 222
101 297
101 893
102 339
102 655
102 662
102 821
102 962
103 197
103 242
103 347
103 361
103 513
103 539
103 551
103 620
103 982
104 119
104 126
104 745
105 371
105 555
105 615
105 670
105 763
106 109
106 177
106 221
106 251
106 526
106 550
106 639
106 653
106 700
106 781
106 891
106 937
107 133
107 232
107 312
107 316
107 329
107 519
107 640
107 759
108 131
108 141
108 166
108 323
108 370
108 454
108 591
108 599
108 997
109 177
109 251
109 387
109 631
109 639
109 781
109 891
109 937
110 304
110 437
111 325
111 441
111 500
111 841
111 884
111 976
112 280
112 354
112 665
112 672
112 822
113 266
113 449
113 514
113 528
113 641
113 658
113 785
113 878
114 442
114 466
114 557
114 564
114 775
114 818
114 989
115 198
115 548
115 579
115 667
115 734
116 130
116 201
116 242
116 328
116 429
116 551
116 673
116 683
116 981
117 142
117 720
117 814
117 923
118 190
118 318
118 349
118 398
118 474
118 497
118 506
118 598
118 610
118 649
118 656
118 684
118 898
118 905
118 920
118 932
119 126
120 134
120 153
120 158
120 552
120 694
121 410
121 646
121 687
121 931
122 229
122 263
122 363
122 470
122 634
122 647
122 756
122 865
123 237
123 358
123 562
123 710
124 184
124 233
124 240
124 524
125 191
125 196
125 260
125 261
125 310
125 570
125 880
125 889
125 913
125 924
126 194
127 143
127 344
127 388
127 706
127 800
127 877
128 195
128 214
128 503
128 606
128 625
128 713
129 188
129 357
129 435
129 679
129 693
129 880
129 947
130 186
130 328
130 429
130 673
130 683
130 804
130 981
131 141
131 166
131 173
131 370
131 531
131 591
131 599
131 997
132 495
132 556
132 813
132 851
132 864
132 972
132 978
133 312
133 329
133 640
133 716
133 759
133 960
134 153
134 520
134 606
134 694
134 725
134 813
135 208
135 294
135 386
135 875
136 152
136 231
136 325
136 445
136 516
136 595
136 651
136 711
136 721
136 860
136 976
137 396
137 402
137 810
137 890
137 951
137 996
138 367
138 603
138 630
138 640
138 664
139 183
139 198
139 375
139 579
139 735
139 762
140 267
140 301
140 446
140 451
140 487
140 803
140 892
140 957
141 166
141 173
141 370
141 531
141 591
141 599
141 997
142 228
142 580
142 814
142 923
143 377
143 758
143 877
144 272
144 692
144 850
145 276
145 373
145 622
145 628
145 705
145 714
145 925
146 385
146 395
146 688
147 156
147 207
147 336
147 340
147 675
147 676
147 805
147 912
148 179
148 243
148 244
148 322
148 613
148 636
148 638
148 849
148 888
148 985
149 313
149 384
149 486
149 522
149 534
149 559
149 594
149 955
149 967
150 290
150 439
150 525
150 650
150 792
150 899
150 970
151 183
151 324
151 389
151 452
151 453
151 461
151 494
151 512
151 735
151 827
151 832
152 231
152 317
152 325
152 352
152 445
152 516
152 595
152 651
152 711
152 721
152 860
153 158
153 520
153 552
153 694
154 269
154 392
154 460
154 515
154 833
154 949
155 167
155 227
155 235
155 350
155 390
155 718
155 844
155 917
156 207
156 336
156 340
156 360
156 424
156 675
156 676
156 805
156 912
157 399
157 682
157 777
159 189
159 374
159 502
159 546
159 572
159 680
159 986
160 263
160 298
160 363
160 433
160 434
160 470
160 605
160 607
160 872
160 934
161 166
161 280
161 281
161 299
161 397
161 690
161 795
162 240
162 330
162 517
162 524
162 888
162 928
162 975
162 985
163 545
163 936
164 310
164 435
164 693
164 843
165 282
165 371
165 495
165 538
165 555
165 556
165 669
165 723
165 765
165 768
165 784
165 972
166 299
166 323
166 599
166 795
167 227
167 350
167 390
167 751
167 844
167 848
167 917
168 169
168 288
168 336
168 424
168 553
168 608
168 618
168 738
169 288
169 553
169 608
169 618
169 671
169 738
170 406
170 423
170 457
170 623
170 644
170 737
170 886
171 256
171 338
171 490
171 495
171 556
171 620
171 765
171 768
171 851
172 355
172 372
172 463
172 614
172 678
172 824
172 845
172 877
173 370
173 531
173 591
173 599
173 939
173 983
173 997
174 182
174 489
174 632
174 830
174 861
174 890
175 195
175 214
175 270
175 348
176 273
176 348
176 469
176 576
176 724
176 911
177 221
177 251
177 383
177 526
177 550
177 573
177 653
177 700
177 891
177 937
178 315
178 496
178 558
178 706
178 866
179 243
179 244
179 322
179 383
179 613
179 636
179 638
179 838
179 985
180 268
180 498
180 586
180 626
180 677
180 904
180 964
181 208
181 292
181 406
181 644
181 788
181 979
182 264
182 489
182 577
182 632
182 771
182 861
182 916
183 205
183 375
183 427
183 494
183 715
183 735
183 827
184 517
185 394
185 663
185 736
185 748
185 809
185 900
185 959
186 335
186 365
186 429
186 673
186 804
187 308
187 420
187 472
187 504
187 571
187 589
187 704
187 852
187 859
187 874
187 929
188 191
188 246
188 679
188 713
188 853
188 880
188 947
189 351
189 374
189 431
189 546
189 572
189 637
190 318
190 349
190 404
190 474
190 497
190 506
190 598
190 610
190 656
190 898
190 905
190 920
190 932
190 938
191 246
191 260
191 713
191 880
191 889
191 924
192 331
192 432
192 492
192 659
192 660
192 868
192 901
192 941
193 247
193 252
193 421
193 465
193 547
193 743
193 779
193 881
193 930
194 462
194 565
195 214
195 270
195 503
195 625
196 260
196 261
196 310
196 399
196 570
196 777
196 837
196 889
196 913
196 915
196 924
197 201
197 242
197 296
197 328
197 347
197 428
197 539
197 578
197 806
197 825
197 840
197 842
197 981
197 982
198 375
198 548
198 579
198 667
198 762
199 222
199 297
199 692
199 741
199 893
199 953
200 295
200 332
200 493
200 987
200 992
201 328
201 347
201 365
201 428
201 429
201 430
201 578
201 673
201 806
201 840
201 981
202 358
202 446
202 543
202 734
202 885
203 204
203 434
203 481
203 588
203 672
204 434
204 481
204 588
205 427
205 561
205 715
205 782
205 834
206 228
206 387
206 580
206 814
207 336
207 340
207 360
207 675
207 676
207 805
207 912
208 292
208 386
208 577
208 584
208 979
209 291
209 916
210 281
210 326
210 408
210 593
210 600
210 665
210 843
211 300
211 508
211 574
211 746
211 797
212 284
212 414
212 467
212 769
212 958
213 255
213 507
213 568
213 621
213 956
214 270
214 503
214 625
215 320
215 343
215 368
215 400
215 471
215 523
215 611
215 616
215 698
215 780
215 783
215 867
216 265
216 542
216 686
216 722
216 740
216 933
217 373
217 460
217 752
217 799
217 909
217 950
217 990
218 379
218 913
218 915
219 274
220 234
220 366
220 391
220 415
220 566
220 569
220 793
220 922
220 984
221 244
221 251
221 383
221 544
221 550
221 573
221 700
221 838
221 937
222 297
222 343
222 616
222 780
222 867
222 893
223 236
223 256
223 282
223 338
223 371
223 702
223 703
223 765
223 768
223 784
224 320
224 586
224 626
224 685
224 698
224 733
224 747
225 295
225 493
225 554
225 560
225 642
225 817
225 987
226 334
226 401
226 439
226 792
226 815
226 952
227 235
227 389
227 390
227 452
227 718
227 917
228 387
228 580
228 631
228 814
229 263
229 363
229 470
229 634
229 647
229 756
229 865
230 365
230 393
230 428
230 430
230 455
230 578
230 712
230 806
230 831
230 840
231 445
231 516
231 691
231 711
231 807
231 951
232 312
232 316
232 329
232 398
232 474
232 649
232 898
233 239
233 403
233 657
233 862
233 869
234 366
234 415
234 566
234 569
235 389
235 390
235 452
235 674
235 718
235 728
235 917
236 256
236 338
236 702
236 765
237 358
237 562
237 617
237 710
237 957
238 283
238 535
238 540
238 795
238 808
238 954
238 963
238 973
239 364
239 403
239 438
239 657
239 697
239 862
239 869
239 879
240 524
240 657
240 888
240 928
240 975
241 396
241 810
241 890
241 966
241 980
242 347
242 361
242 513
242 539
242 551
242 981
242 982
243 244
243 383
243 573
243 613
243 636
243 638
243 838
244 383
244 550
244 573
244 613
244 636
244 638
244 700
244 838
245 491
245 948
246 713
246 880
247 252
247 421
247 465
247 547
247 743
247 779
247 881
247 930
248 272
248 285
248 592
248 741
248 828
248 953
249 459
249 530
249 637
250 341
250 709
250 719
250 750
251 526
251 653
251 700
251 739
251 891
251 937
252 421
252 465
252 779
252 881
252 930
253 508
253 746
253 797
253 850
254 341
254 505
254 709
254 895
254 994
255 458
255 507
255 621
255 754
255 772
256 282
256 338
256 490
256 702
256 765
256 768
257 362
257 437
257 778
257 826
257 839
257 847
257 974
258 279
258 303
258 342
258 624
258 873
258 944
259 287
259 417
259 475
259 498
259 677
259 819
260 261
260 399
260 570
260 777
260 889
260 924
261 399
261 570
261 777
261 837
261 889
261 913
261 915
261 924
261 969
262 271
262 464
262 748
262 900
262 926
262 959
263 363
263 434
263 470
263 588
263 607
263 865
264 386
264 489
264 577
264 584
264 632
264 771
264 776
264 861
264 979
265 475
265 582
265 627
265 686
265 722
265 740
265 856
265 933
266 331
266 432
266 514
266 528
266 641
266 658
266 785
266 878
266 901
266 919
267 301
267 446
267 451
267 487
267 543
267 803
267 885
267 892
268 498
268 586
268 626
268 677
268 904
268 964
269 302
269 436
269 515
269 835
269 949
270 348
270 469
271 464
271 748
271 900
271 926
271 959
272 314
272 828
272 846
273 348
273 469
273 536
273 576
273 724
274 767
275 788
276 373
276 628
276 689
276 701
276 705
276 925
277 426
277 686
277 882
278 313
278 422
278 682
278 837
278 871
278 967
278 969
279 303
279 385
279 395
279 447
279 944
280 299
280 672
280 690
281 326
281 397
281 408
281 593
281 665
281 690
281 795
282 338
282 371
282 555
282 702
282 703
282 765
282 768
282 784
283 535
283 540
283 808
283 954
283 963
283 973
284 414
284 769
284 958
285 362
285 381
285 592
285 828
285 847
286 477
286 604
286 654
286 854
286 961
287 417
287 475
287 498
287 677
287 819
287 964
288 305
288 336
288 424
288 553
288 608
288 618
288 738
288 751
289 290
289 330
289 517
289 525
289 661
289 729
289 887
289 902
289 928
289 985
290 330
290 517
290 525
290 613
290 661
290 887
290 902
290 985
291 691
291 807
291 916
292 300
292 406
292 584
292 644
293 336
293 353
293 424
293 440
293 608
293 805
293 912
293 995
294 485
294 631
294 875
295 332
295 493
295 554
295 560
295 987
295 992
296 347
296 490
296 511
296 539
296 620
296 825
296 842
296 851
296 864
297 616
297 741
297 867
297 893
298 433
298 605
298 786
298 872
298 934
299 323
299 672
299 690
300 746
301 446
301 451
301 487
301 543
301 803
301 885
301 892
301 957
302 436
302 515
302 598
302 610
302 656
302 684
302 920
302 932
302 949
303 342
303 447
303 456
303 624
303 873
303 944
304 523
304 611
304 783
305 350
305 553
305 608
305 618
305 738
305 751
305 848
306 409
306 544
306 550
306 573
306 648
306 691
306 807
307 308
307 420
307 504
307 532
307 571
307 704
307 791
307 793
307 859
307 922
307 929
307 942
307 984
308 319
308 420
308 472
308 499
308 504
308 571
308 589
308 704
308 859
308 874
308 929
308 942
309 333
309 367
309 369
309 519
309 708
309 760
309 812
309 855
309 894
310 570
310 913
310 915
310 924
311 419
311 518
311 587
311 732
311 841
311 910
311 939
312 316
312 329
312 398
312 640
312 759
313 379
313 384
313 422
313 484
313 559
313 871
313 967
314 380
314 846
315 496
315 558
315 645
315 668
315 681
315 866
316 329
316 398
316 640
316 761
317 325
317 352
317 480
317 516
317 595
317 651
317 721
317 744
317 860
317 976
318 349
318 378
318 404
318 497
318 506
318 610
318 656
318 796
318 905
318 938
319 364
319 499
319 504
319 657
319 704
319 791
319 858
319 859
319 993
320 343
320 368
320 400
320 471
320 616
320 698
320 733
320 780
321 339
321 416
321 568
321 943
321 956
322 638
322 849
323 987
324 452
324 461
324 482
324 494
324 512
324 728
324 774
324 827
324 832
325 352
325 480
325 500
325 595
325 602
325 651
325 721
325 860
325 976
326 408
326 540
326 808
326 843
327 405
327 483
327 530
327 766
327 863
328 347
328 365
328 429
328 578
328 673
328 683
328 804
328 806
328 840
328 981
329 716
329 759
329 960
330 517
330 524
330 613
330 661
330 887
330 888
330 902
330 928
330 985
331 432
331 492
331 514
331 528
331 659
331 660
331 868
331 901
331 919
331 941
332 493
332 987
332 992
333 367
333 369
333 519
333 708
333 760
333 812
333 894
334 401
334 602
334 815
334 935
334 936
335 475
335 582
335 804
335 819
336 340
336 353
336 424
336 440
336 608
336 675
336 676
336 805
336 912
336 995
337 581
337 779
337 881
338 490
338 702
338 765
338 768
339 655
339 821
340 353
340 360
340 440
340 675
340 676
340 805
340 912
340 971
341 709
341 870
341 895
342 456
342 634
342 801
342 836
342 873
342 944
343 368
343 400
343 616
343 780
343 867
343 893
344 388
344 411
344 668
344 681
344 706
344 800
345 545
345 773
346 409
346 544
346 573
346 650
346 744
347 428
347 539
347 578
347 806
347 825
347 840
347 842
347 981
347 982
348 469
348 576
348 724
348 911
349 398
349 474
349 497
349 506
349 610
349 656
349 898
349 905
349 932
350 390
350 751
350 844
350 848
350 917
351 431
351 478
351 637
351 965
352 409
352 480
352 595
352 651
352 721
352 744
352 860
353 424
353 440
353 676
353 805
353 912
353 995
354 442
354 466
354 473
354 529
354 564
354 727
354 757
354 822
354 857
355 463
355 824
355 845
356 499
356 589
356 849
356 874
356 975
357 435
357 693
357 947
358 548
358 562
358 710
358 957
359 375
359 416
359 453
359 718
359 762
359 943
360 676
360 971
361 488
361 513
361 551
361 870
361 982
362 376
362 381
362 437
362 847
363 434
363 470
363 588
363 607
363 865
364 403
364 499
364 657
364 858
364 869
364 879
364 993
365 428
365 429
365 430
365 455
365 578
365 673
365 804
365 806
365 840
365 981
366 391
366 415
366 566
366 569
366 749
366 791
366 793
366 922
366 942
366 984
367 369
367 519
367 708
367 760
367 812
367 855
367 894
368 400
368 616
368 698
368 733
368 780
369 658
369 760
369 855
369 878
369 894
370 454
370 518
370 591
370 599
370 997
371 555
371 702
371 768
371 784
372 377
372 614
372 678
372 845
372 877
373 604
373 705
373 909
374 546
374 572
374 986
375 579
375 735
375 762
376 381
376 552
376 847
377 614
377 678
377 877
378 497
378 502
378 506
378 549
378 680
378 685
378 747
378 796
378 905
379 384
379 955
379 963
379 967
380 444
380 508
380 846
380 883
380 897
381 592
381 828
381 847
382 444
382 484
382 522
382 559
382 883
382 897
383 544
383 550
383 573
383 636
383 638
383 700
383 838
383 937
384 486
384 559
384 955
384 963
384 967
385 395
385 447
386 577
386 739
386 875
386 979
387 580
387 631
387 639
387 781
387 814
387 891
388 706
388 800
389 390
389 452
389 453
389 482
389 512
389 674
389 718
389 728
389 832
390 718
390 844
390 917
391 504
391 569
391 749
391 791
391 858
391 984
391 993
392 460
392 515
392 604
392 654
392 833
392 909
392 949
393 455
393 712
393 831
394 407
394 663
394 696
395 447
396 810
396 890
396 966
396 980
396 996
397 535
397 540
397 690
397 795
397 808
397 954
398 474
398 497
398 610
398 649
398 684
398 752
398 799
398 898
398 932
399 570
399 777
399 837
399 889
399 969
400 471
400 611
400 616
400 698
400 780
400 783
400 867
401 480
401 500
401 602
401 815
401 935
401 952
402 635
403 438
403 657
403 697
403 862
403 869
403 879
404 502
404 506
404 656
404 680
404 796
404 920
404 938
404 986
405 766
406 457
406 644
406 886
407 663
407 696
408 593
408 600
408 665
408 843
409 544
409 573
409 648
409 744
410 590
410 646
410 687
411 668
411 681
411 699
411 758
411 800
412 491
412 622
412 714
412 764
412 948
413 501
413 533
413 756
413 801
413 802
413 811
413 836
413 865
414 709
414 750
414 769
414 895
414 958
415 566
415 569
415 793
415 922
415 984
416 568
416 718
416 943
417 819
417 914
418 498
418 541
418 627
418 856
419 441
419 462
419 518
419 565
419 587
419 732
419 841
419 884
419 939
420 472
420 532
420 571
420 852
420 929
420 940
420 942
421 465
421 743
421 779
421 881
421 930
422 484
422 559
422 871
422 967
423 457
423 633
423 737
423 798
423 977
424 440
424 608
424 675
424 676
424 805
424 912
424 995
425 707
425 835
425 876
426 542
426 612
426 882
427 561
427 715
427 735
427 782
427 834
427 968
428 430
428 578
428 712
428 806
428 825
428 831
428 840
429 430
429 578
429 673
429 683
429 804
429 806
429 840
429 981
430 455
430 578
430 712
430 804
430 806
430 831
430 840
431 707
431 965
432 492
432 659
432 660
432 868
432 901
432 919
432 941
433 605
433 727
433 730
433 786
433 872
433 934
434 481
434 588
434 607
434 872
434 934
435 643
435 693
436 920
437 778
437 839
437 974
438 697
438 770
438 862
438 879
439 650
439 744
439 792
439 899
439 952
439 970
440 676
440 805
440 912
440 995
441 565
441 732
441 841
441 884
442 466
442 473
442 529
442 557
442 564
442 727
442 730
442 757
442 775
442 857
442 989
443 521
443 617
443 619
443 701
443 717
444 883
444 897
444 966
445 516
445 691
445 711
445 807
445 951
446 487
446 543
446 734
446 885
446 892
447 944
448 543
448 597
448 609
448 662
448 885
449 514
449 641
449 658
449 785
449 968
450 666
450 742
450 755
450 886
450 903
451 487
451 617
451 803
451 892
451 957
452 453
452 461
452 482
452 494
452 512
452 718
452 728
452 774
452 827
452 832
453 494
453 512
453 718
453 762
454 462
454 518
454 591
455 578
455 712
455 806
455 831
456 533
456 634
456 801
456 802
456 836
456 873
456 944
457 623
457 633
457 737
457 886
457 977
458 772
459 530
459 572
459 601
459 863
460 515
460 604
460 833
460 909
460 990
461 482
461 494
461 512
461 728
461 774
461 827
461 832
462 518
462 565
462 732
463 614
463 824
464 748
464 900
464 926
464 959
465 547
465 567
465 743
465 779
465 881
465 930
466 473
466 479
466 529
466 564
466 727
466 730
466 731
466 757
466 775
466 857
466 989
467 567
467 779
467 881
467 930
467 958
468 502
468 549
468 680
468 794
468 796
468 904
469 536
469 576
469 724
469 853
470 588
470 607
470 865
471 523
471 611
471 698
471 783
472 571
472 589
472 704
472 852
472 859
472 874
472 929
472 940
473 479
473 529
473 564
473 727
473 730
473 731
473 757
473 786
473 857
473 988
473 989
474 497
474 506
474 598
474 610
474 649
474 656
474 684
474 752
474 799
474 898
474 932
475 582
475 627
475 819
475 856
476 646
476 687
476 753
476 931
477 604
477 622
477 654
477 705
477 854
477 961
478 637
478 965
479 529
479 730
479 731
479 757
479 818
479 857
479 988
479 989
480 595
480 650
480 721
480 744
480 860
480 952
480 976
481 588
481 672
482 510
482 674
482 728
482 774
482 832
483 530
483 541
483 601
483 794
483 863
484 522
484 559
484 871
484 967
485 823
485 875
486 522
486 534
486 559
486 594
486 955
487 543
487 803
487 892
487 957
488 513
488 551
488 719
489 577
489 632
489 771
489 861
490 539
490 556
490 620
490 765
490 851
491 764
491 948
492 659
492 660
492 868
492 901
492 941
493 560
493 987
493 992
494 512
494 735
494 774
494 827
494 832
495 538
495 556
495 629
495 669
495 723
495 768
495 784
495 972
495 978
496 558
496 866
497 506
497 610
497 656
497 898
497 905
498 541
498 677
498 856
498 964
499 504
499 657
499 704
499 791
499 858
499 859
499 975
499 993
500 602
500 721
500 860
500 935
500 976
501 533
501 802
501 811
502 549
502 680
502 796
502 938
502 986
503 606
503 625
504 571
504 704
504 791
504 858
504 859
504 929
504 942
504 993
505 709
505 769
505 895
505 994
506 598
506 610
506 656
506 898
506 905
506 938
507 621
507 754
507 772
507 956
508 797
508 850
509 590
510 674
510 728
510 917
510 923
511 725
511 825
511 842
511 851
511 864
512 718
512 728
512 774
512 827
512 832
513 539
513 551
513 982
514 528
514 641
514 658
514 785
514 878
514 919
515 833
515 949
516 595
516 651
516 691
516 711
516 807
516 860
517 524
517 661
517 887
517 888
517 902
517 928
517 985
518 587
518 591
518 732
519 640
519 708
519 812
520 606
520 694
520 813
521 617
521 619
521 717
522 534
522 559
523 611
523 783
524 888
524 928
524 975
524 985
525 661
525 729
525 887
525 902
525 970
526 653
526 739
526 891
527 729
527 816
528 919
529 564
529 727
529 730
529 757
529 786
529 822
529 857
529 988
530 601
530 863
531 591
531 599
531 983
531 997
532 571
532 704
532 793
532 859
532 922
532 929
532 942
532 984
533 634
533 756
533 801
533 802
533 811
533 836
533 865
534 594
534 966
535 540
535 795
535 808
535 954
535 973
536 679
536 853
536 947
537 585
537 703
537 763
537 829
537 927
537 946
538 555
538 629
538 669
538 723
538 784
538 972
538 978
539 620
539 825
539 842
539 851
539 982
540 795
540 808
540 954
540 973
541 627
541 794
541 856
542 686
542 740
542 933
543 734
543 885
543 892
544 550
544 573
544 648
544 700
544 838
545 936
546 572
546 986
547 743
547 829
547 927
548 579
548 667
548 710
549 586
549 680
549 685
549 796
549 904
550 573
550 636
550 648
550 700
550 838
550 937
551 870
551 981
551 982
552 778
552 826
552 921
552 974
553 608
553 618
553 738
553 751
554 560
554 642
554 817
555 669
555 768
555 784
556 723
556 765
556 768
556 851
556 972
557 775
557 818
557 989
558 645
558 668
558 681
558 866
559 871
559 967
560 642
560 817
560 987
561 715
561 782
561 834
562 617
562 957
563 688
563 753
563 931
564 727
564 757
564 775
564 857
565 732
565 841
565 884
566 569
566 793
566 922
566 984
567 779
567 881
567 930
568 943
569 749
569 791
569 793
569 922
569 984
570 777
570 889
570 913
570 915
570 924
571 704
571 859
571 929
571 942
572 986
573 636
573 648
573 700
573 838
574 771
574 776
574 830
574 861
575 615
575 652
575 670
576 724
576 911
577 584
577 632
577 771
577 776
577 861
577 979
578 673
578 712
578 804
578 806
578 840
578 981
579 667
579 710
580 631
580 639
580 781
580 814
581 881
582 686
582 722
582 819
582 933
583 695
583 824
583 845
584 771
584 776
584 861
584 979
585 703
585 763
585 829
585 927
585 946
586 626
586 685
586 747
586 904
587 732
587 841
587 910
587 939
588 607
589 849
589 874
590 745
591 599
591 939
591 997
592 828
592 847
593 600
593 665
594 955
595 651
595 721
595 744
595 860
595 976
596 753
596 787
596 945
596 998
597 609
597 662
597 734
597 821
598 610
598 656
598 684
598 752
598 799
598 898
598 920
598 932
599 997
600 665
600 775
601 794
601 863
602 935
602 976
603 623
603 630
603 664
603 737
603 760
604 654
604 854
604 909
604 961
605 872
605 934
606 625
606 813
606 978
607 872
607 934
608 618
608 738
608 751
609 662
610 656
610 684
610 898
610 920
610 932
611 616
611 780
611 783
611 867
612 882
613 636
613 661
613 838
613 902
613 985
614 678
615 652
615 670
615 763
616 780
616 783
616 867
616 893
617 717
617 957
618 738
619 689
619 701
620 825
620 842
620 851
620 982
621 754
621 956
621 962
622 705
622 714
622 764
623 737
623 755
623 886
624 873
625 629
625 723
625 972
625 978
626 677
626 685
626 698
626 747
626 964
627 722
627 856
628 689
628 701
628 705
628 925
629 669
629 723
629 972
629 978
630 664
630 666
631 639
631 739
631 781
631 814
631 891
632 771
632 861
632 916
633 737
633 798
633 977
634 647
634 756
634 801
634 836
634 865
635 983
636 638
636 700
636 838
638 838
639 739
639 781
639 891
639 937
640 759
641 658
641 785
641 878
642 817
644 886
645 681
645 866
645 876
646 687
646 726
647 756
647 787
647 998
648 691
648 807
649 684
649 752
649 761
649 799
649 898
649 932
649 950
650 744
650 792
650 952
651 711
651 721
651 860
651 976
652 670
653 739
653 891
653 937
654 854
654 961
655 821
655 962
656 684
656 898
656 920
656 932
657 862
657 869
657 975
658 785
658 878
658 894
659 660
659 868
659 901
659 941
660 868
660 901
660 941
661 887
661 902
661 928
661 985
663 736
663 748
665 690
666 755
666 903
666 908
667 710
668 681
668 699
668 800
669 723
669 768
669 784
669 972
672 690
673 683
673 804
673 806
673 981
674 728
674 844
674 917
674 923
675 676
675 805
675 912
676 805
676 912
676 971
676 995
677 964
678 877
679 693
679 853
679 880
679 947
680 796
680 938
680 986
681 699
681 866
682 777
682 837
682 969
683 981
684 752
684 799
684 898
684 932
684 950
685 733
685 747
685 904
686 722
686 740
686 933
687 931
688 753
688 931
689 701
689 925
690 795
691 807
692 741
692 850
693 880
693 947
694 725
694 813
697 862
697 869
697 879
698 733
698 780
700 838
700 937
701 925
702 703
702 765
702 768
702 784
703 927
703 946
704 791
704 858
704 859
704 929
704 942
704 993
705 714
705 925
706 800
707 835
707 876
708 812
709 750
709 895
711 896
712 806
712 831
712 840
713 853
713 880
714 764
715 782
715 834
715 968
716 759
716 960
718 943
719 750
720 848
720 852
720 940
721 744
721 860
721 976
722 740
722 856
722 933
723 972
723 978
724 820
724 911
725 864
726 745
727 730
727 757
727 786
727 822
727 857
727 988
728 774
728 832
729 887
730 731
730 757
730 786
730 857
730 988
731 818
731 857
731 988
731 989
732 841
732 884
733 747
734 885
735 762
735 968
736 790
736 809
736 900
736 959
736 991
737 760
737 798
737 977
738 751
739 781
739 891
740 933
741 953
742 746
742 755
742 886
742 903
743 829
743 927
744 792
744 952
746 797
748 926
748 959
749 906
751 844
751 848
752 761
752 799
752 898
752 932
752 950
752 990
753 931
753 945
754 772
754 956
755 886
755 903
755 908
756 801
756 836
756 865
757 786
757 822
757 857
757 988
759 960
760 812
760 855
760 894
761 799
761 950
763 946
764 948
765 768
765 784
768 784
769 895
769 958
770 789
770 879
770 906
771 776
771 830
771 861
771 979
774 827
774 832
776 861
776 979
777 837
777 889
777 969
778 826
778 839
778 921
778 974
779 881
779 930
780 867
780 893
781 891
781 937
782 834
783 867
785 878
785 968
786 857
786 872
786 934
786 988
787 945
787 998
789 879
789 906
790 809
790 900
790 991
791 858
791 859
791 929
791 942
791 984
791 993
792 815
792 899
792 952
792 970
793 922
793 942
793 984
794 904
795 808
795 954
796 904
796 938
796 986
797 850
798 855
798 977
799 898
799 932
799 950
799 990
801 802
801 836
801 865
801 873
801 944
802 836
803 892
803 957
805 912
805 995
806 840
806 981
808 954
808 973
809 991
810 890
810 966
810 980
810 996
813 978
815 952
818 989
820 911
824 845
825 842
825 864
826 839
826 921
826 974
827 832
828 847
829 927
829 946
830 861
831 840
833 909
833 949
835 949
836 865
836 873
836 944
837 915
837 969
839 921
839 974
841 884
842 851
842 864
842 982
844 848
844 917
845 877
846 883
848 917
849 874
851 864
852 940
853 947
854 961
855 894
855 977
857 988
858 859
858 993
859 929
859 942
859 993
860 976
862 869
862 879
867 893
868 901
868 941
871 967
872 934
873 944
878 894
879 906
880 924
881 930
883 897
885 892
887 902
888 928
888 975
888 985
889 924
890 951
890 996
891 937
896 910
897 966
898 932
899 918
899 970
900 926
900 959
900 991
901 919
901 941
902 985
903 908
907 918
909 961
909 990
910 939
912 995
913 915
915 969
917 923
918 970
919 941
920 932
921 974
922 929
922 942
922 984
926 959
927 946
928 985
929 942
929 984
938 986
942 984
945 998
950 990
951 996
954 973
955 963
955 967
956 962
963 973
966 980
972 978
983 997
987 992
